-1.9960749
-1.8527219
-1.2640644
-1.2583188
-2.3039852
-1.7330395
-1.5925308
-1.8894344
-3.054519
-1.5131658
0.34521201
-2.0567523
-1.2393606
-2.0586613
-2.8005679
-2.8157541
-1.8253288
-2.5994344
-1.3342039
-1.8025019
-2.5113113
-1.4181692
-1.7813604
-1.4321672
-1.6142885
-0.27379856
-2.7574839
-1.0651127
-1.7338842
-1.4671327
-1.2670614
-1.5368913
-2.3171404
-2.3944525
-1.8017481
-1.6945336
-1.767152
-1.6139061
-1.6338252
-1.2149833
-2.8964415
-1.5310104
-1.4523155
-2.2092976
-2.2091555
-2.4675526
-2.2703248
-1.7822686
-2.5357201
-2.6365949
-1.7687815
-1.6842897
-2.4171767
-1.5642799
-1.4578037
-1.6040348
-1.8686226
-1.5936468
-1.4159394
-2.2315302
-2.2306755
-2.0959771
-3.0294449
-1.2762614
-1.4805448
-1.3360334
-1.5673394
-1.3709811
-1.28769
-2.05415
-1.5612676
-1.5691866
-2.5257299
-2.3163253
-1.3722757
-1.7159798
-1.5063204
-1.3185832
-1.5704757
-1.8806294
-0.48611314
-1.9157506
-0.24949489
-1.3928883
-1.0628332
-1.3358158
-0.48420362
-1.109605
-1.3734502
-1.2780366
-1.2721347
-2.0083194
-1.123536
-2.4076392
-2.247218
-2.9194596
-1.7266497
-1.7561969
-1.6870636
-2.1809386
-2.2355283
-2.8737435
-2.110414
-1.6740399
-2.2392076
-1.450839
-1.7970819
-1.9163262
-1.4738764
-1.6597869
-2.0521677
-2.0049596
-2.709568
-1.8687191
-2.0640454
-1.5828501
-1.478245
-1.4012357
-1.6097289
-2.2815499
-0.60678248
0.22649356
-1.2792357
-0.16645206
-2.2480321
-2.5519548
-1.8172221
-2.1324151
-1.2457137
-2.3305405
-2.6885537
-2.1693191
-1.490608
-1.0242737
-1.6034071
-1.664245
-1.3397998
-1.5143022
-1.4342413
-1.4025222
-2.8950926
-3.1144504
-2.179882
-1.3151436
-1.7855074
-2.0502412
-2.2240961
-1.5790548
-1.6018518
-1.6183981
-1.9066393
-2.0608737
-1.785029
-1.8907423
-1.72997
-0.048586895
-0.14958058
0.20937743
-1.4925354
-1.5638358
-3.3152707
-2.6347927
-3.0098984
-0.39295227
-1.5773634
-1.7345028
-2.7587012
-1.7784991
-1.7404595
-1.9733042
-2.0155818
-2.241803
-2.2362601
-2.3416001
-2.1914557
-2.118028
-1.8396718
-2.3356891
-2.5157359
-1.914071
-2.2047448
-1.7505377
-1.6495533
-1.7368192
-1.7955372
-1.6548895
-1.5685699
-1.9417074
-1.9839539
-1.8789567
-2.0826115
-1.3411757
-1.2354007
-1.4472118
-1.6752431
-1.5147409
-1.329737
-1.9928582
-1.9316533
-1.6631283
-2.2837331
-2.3073867
-1.2747253
-1.4243589
-1.3341863
-1.2765835
-1.3009544
-2.1929108
-1.6395498
-2.1239181
-0.059720476
-0.1674168
-0.10284739
-1.7943648
-1.1921122
-1.7081404
-1.7093065
-1.3236452
-1.3765889
-1.273937
-1.1266328
-2.8648106
-2.7992083
-3.144846
-1.5584692
-1.6253878
-1.5024024
-2.6520891
-2.7417475
-2.8587308
-1.9972629
-2.0701508
-1.9885278
-1.9871581
-1.738069
-2.4377408
-2.0620506
-2.3768531
-2.7289825
-2.3480361
-2.4447021
-2.1619164
-1.7536768
-1.7941148
-1.9951306
-2.6534626
-2.7145224
-2.681548
-2.5514666
-1.5978247
-1.6285673
-1.4804412
-1.5553808
-1.4895865
-1.5952689
-1.4148665
-1.5943374
-1.6516662
-1.4821598
-1.4636029
-1.5990475
-1.7890362
-0.95459784
-0.82560929
-0.28298071
-1.3731
-1.4693263
-1.9744318
-1.9498202
-1.9123783
-2.2671411
-1.8864401
-2.7095135
-2.2244586
-2.480878
-1.9210101
-1.9222088
-1.3726479
-0.91106808
-2.7819288
-2.1214877
-2.7743817
-2.9069139
-3.0816874
-3.0021527
-2.7886907
-1.5400196
-1.5607199
-1.5562778
-1.435538
-1.6174836
-1.7785212
-1.8213895
-1.9259062
-1.3942841
-1.3288476
-1.2120603
-1.3430143
-1.2908016
-1.3814127
-1.4836329
-1.5190243
-2.6622493
-2.7106337
-2.3137006
-1.6543686
-1.5586735
-1.3716572
-1.3743853
-1.2899698
-1.4696153
-2.2106353
-1.7932839
-2.2773144
-2.2553232
-2.0868329
-2.3556674
-2.5367936
-1.6833116
-1.5302034
-1.6327669
-1.7396547
-1.7902658
-1.8802005
-2.0502421
-1.9584793
-1.9364257
-1.983275
-1.9190308
-1.6626805
-1.8083433
-1.8050005
-1.7179412
0.013973966
0.25097282
0.20603785
0.24979472
0.26243565
-1.0285704
-0.67912608
-1.2937761
-1.7059283
-1.7516281
-1.4629469
-1.5691427
-1.2777293
-2.672107
-2.7470239
-3.3130401
-3.3613559
-3.1800478
-1.1318138
-0.63156947
-0.52446255
-0.68789736
-0.59333524
-0.42505085
-0.59375356
-1.5789011
-2.173067
-2.5870218
-2.6120496
-3.0524899
-2.7481256
-1.5814081
-1.8786268
-1.5384303
-1.5120824
-1.5570137
-1.5686457
-1.5156767
-1.7151203
-1.8346852
-1.9193211
-2.3096385
-2.0510573
-2.0249953
-1.8711506
-1.8789375
-1.0214839
-1.4184785
-1.863423
-1.9644413
-2.0745083
-2.2637868
-2.4472959
-2.258222
-2.2287564
-2.6576895
-2.72285
-2.3492123
-1.9360558
-1.861015
-2.6979758
-2.6329471
-2.6389991
-2.6851259
-1.7378216
-2.09352
-2.1561784
-2.4424621
-1.4455519
-1.3795829
-1.4683254
-1.6427304
-1.6974887
-1.7096551
-1.561812
-1.8207449
-1.7878798
-1.7436184
-1.4250103
-1.4161561
-1.3835721
-2.5238033
-2.5023904
-2.2070906
-2.0169438
-2.5365969
-2.9142739
-2.5244824
-2.6780285
-1.3593005
-1.4429165
-1.2984522
-1.2742031
-1.4065706
-1.5062815
-1.2544626
-1.3614583
-1.2875664
-2.1450454
-1.8569566
-1.8675478
-1.7253089
-1.5855913
-2.6235926
-2.5114362
-2.5291007
-2.3087311
-1.6056974
-1.6819768
-1.5726311
-1.586839
-1.6850041
-1.4976628
-1.6694163
-1.4189633
-1.5214497
-1.490405
-0.95473059
-0.3634573
-1.0614223
-1.2771216
-1.5635912
-0.85575886
-0.979097
-0.91952547
-0.66604804
-1.3207935
-2.4126314
-1.266817
-0.8326448
-0.94661932
-0.75126668
-0.90744333
-1.8096309
-1.5816307
-2.2448997
-1.787406
-1.5651596
-1.3323712
-2.0162161
-2.0110483
-2.3953148
-2.6080087
-2.7035629
-1.8429911
-1.8157715
-1.6567916
-1.6867341
-1.8985607
-1.7739747
-1.417738
-1.7352728
-2.3274307
-2.8338545
-2.8699384
-2.6385823
-2.6045727
-2.4631589
-2.0676303
-1.7727368
-1.6572604
-1.8921237
-1.6037556
-1.6505076
-1.5784044
-1.3793139
-1.4365617
-2.4361137
-1.8681817
-1.6379157
-1.8185824
-1.6845812
-1.4031433
-1.420916
-1.5214988
-1.8813511
-2.3596801
-2.4917563
-2.5466056
-2.5950549
-2.5289111
-2.5511018
-2.3363311
-2.165045
-2.0548518
-2.128735
-2.0086077
-1.8161848
-1.7316924
-1.4023824
-1.4298285
-1.5409367
-1.542401
-1.3644579
-1.3723398
-1.5485599
-1.4052346
-1.2944446
-1.5002182
-1.3594676
-1.5109117
-1.9971905
-2.2175685
-2.3168645
-0.13423091
0.34016186
-0.378875
-0.61474713
-1.040875
-1.8843944
-1.8905003
-1.5963546
-1.34068
-1.9866288
-2.2973786
-2.2819868
-1.9107316
-2.0753056
-1.8794085
-1.6187624
-2.2048732
-1.6353465
-1.1369184
-0.90489551
-0.78000795
-0.48672302
-0.75326519
-1.6264412
-1.7827443
-1.8627753
-2.896168
-2.3908717
-2.2669276
-2.4360553
-2.4799442
-2.5309702
-2.1744047
-1.3214544
-1.0507112
-1.3736448
-1.4217504
-1.5136523
-1.56391
-1.6090722
-1.5223703
-1.5117517
-1.8635479
-1.5486633
-1.4677941
-1.5008967
-1.3320996
-1.4746169
-1.5447487
-1.5399
-1.5419792
-1.4494287
-1.3133319
-3.0508804
-3.2030285
-3.0426582
-2.7558318
-2.2103498
-1.7549932
-1.4708886
-1.6678569
-1.3154591
-1.2728328
-1.4590467
-1.5832521
-1.7023305
-2.0728447
-1.7671161
-1.8366884
-2.1503535
-2.5892503
-2.6726555
-1.4917043
-1.4914568
-1.5020882
-1.5751755
-1.6556275
-1.6805655
-1.7256571
-1.8467626
-2.2369583
-2.4258058
-2.0996597
-2.0240847
-1.7893127
-1.9622072
-1.8814771
-1.9458134
-1.8514224
-1.7357027
-1.5868802
-1.5725962
0.38122187
0.49696942
0.14878854
-0.5741276
-0.12371872
-0.35479282
-1.5798806
-1.8022867
-1.7221377
-1.6671562
-1.3340171
-1.5043816
-1.2852227
-1.8746422
-1.8853585
-2.5704734
-2.857246
-3.238376
-2.9997056
-2.3311836
-2.5494304
-0.76427567
-0.68737218
-0.89659179
-0.91174446
-0.36195241
-0.68984248
-1.486264
-1.8547849
-2.0825595
-1.9253178
-3.1953854
-2.8676547
-2.4147354
-2.4078761
-2.1030371
-1.9931961
-1.6737388
-1.6465941
-1.8424239
-1.6277632
-1.8321244
-2.0917443
-1.9887921
-2.0529844
-2.1399535
-2.0609458
-1.8681233
-2.159988
-0.52240769
-1.9480029
-2.5084345
-2.0123827
-2.3743744
-2.8284163
-2.8075338
-2.5077509
-2.0792707
-2.0080948
-1.8677382
-2.3016659
-2.3456255
-2.0302638
-2.1157049
-1.8970275
-1.8293834
-1.7864026
-1.6584882
-1.6683797
-1.811739
-1.84223
-1.7655186
-1.8419581
-1.525968
-1.372645
-1.6518485
-1.4383277
-1.5466932
-1.4381184
-1.9208213
-1.7837407
-2.1193202
-1.2798505
-1.2619995
-1.2654191
-2.2720952
-2.1143365
-2.2105419
0.21919093
0.043055352
0.20459609
-0.086158352
-2.0046087
-1.7557647
-1.8968014
-1.2555137
-1.3077375
-3.0070903
-3.1020978
-2.6686589
-2.8415972
-2.8414532
-1.9120894
-1.9919674
-1.9235509
-1.8377046
-1.8067463
-2.5890661
-2.2961498
-2.5312288
-2.7674019
-2.6865347
-2.7380486
-2.5240983
-1.7901772
-1.8963213
-2.6834275
-2.7200918
-2.647261
-2.5039525
-1.4550698
-1.4648845
-1.4191944
-1.6616499
-1.567157
-1.7328388
-1.6194143
-1.6852156
-1.7220262
-1.4291127
-1.4750381
-1.453589
-1.5707037
-1.3078107
-1.1791389
-1.4409685
-1.5380273
-1.7580074
-1.7184076
-1.5206542
-2.7677665
-2.6181123
-2.655547
-1.709147
-1.6441729
-1.4448966
-1.0955147
-2.8154081
-2.7324472
-2.8211936
-2.9821767
-2.8770596
-2.8941346
-1.4962813
-1.5322394
-1.5212655
-1.6053918
-1.6987177
-1.7416024
-1.8376768
-1.8264772
-1.3495771
-1.2998757
-1.2545133
-1.425309
-1.409221
-1.4515517
-1.5167832
-2.5077965
-2.5379481
-2.282558
-1.5330818
-1.4295766
-1.4907156
-1.4505912
-1.4005774
-1.5032406
-2.3792514
-2.2374422
-2.3735199
-2.2425546
-2.2697545
-2.3771365
-2.526867
-1.6756928
-1.6396476
-1.6529768
-1.7414986
-1.7992975
-1.8051406
-1.9204088
-1.8463606
-1.9155285
-1.7926129
-1.7233736
-1.7948881
-1.7602393
-1.7304219
0.069645467
-1.2422299
-1.0686365
-1.4675714
-1.522425
-1.6494274
-1.2280327
-1.3013941
-1.1800996
-2.7620998
-3.0085632
-3.120773
-3.3555413
-3.1151074
-1.2079479
-0.85433799
-0.77966985
-0.95962106
-0.89040965
-0.7650162
-0.84409312
-1.3941688
-2.0369348
-1.9803836
-2.5423438
-2.7748671
-2.600412
-1.461759
-1.5601062
-1.4950373
-1.518902
-1.5054095
-1.7566324
-1.8274653
-2.1881908
-2.1087049
-1.9620285
-2.0405799
-1.3082729
-1.5198524
-1.7515437
-2.1154879
-2.1328474
-2.2635545
-2.2956666
-2.2483828
-2.5426984
-2.5259444
-2.3791532
-1.9958009
-1.9933626
-1.8815609
-2.6028747
-2.6956202
-2.6005967
-2.6839798
-2.5438236
-2.62604
-2.6415151
-1.8405977
-2.3300702
-2.2994816
-2.5326065
-2.5937986
-2.6346907
-1.5241502
-1.4383621
-1.5319315
-1.7286089
-1.6452641
-1.7026551
-1.7295114
-1.7446852
-1.8648881
-1.7822686
-1.6313115
-1.641165
-1.5751032
-1.5263145
-1.9131063
-1.8055468
-1.8319773
-1.5430792
-1.5421851
-1.6782235
-1.5764062
-1.4403691
-1.3966846
-1.4041417
-2.3900907
-2.3601782
-2.2327169
-1.9518954
-1.9941752
-1.9598162
-1.9965212
-2.2752726
-2.5841343
-2.206424
-2.1878184
-2.2867812
-2.310208
-2.5872988
-1.2938312
-1.2771649
-1.3265672
-1.2700134
-1.2632871
-1.2461789
-1.238706
-1.2329008
-1.2649123
-1.317805
-1.3743207
-1.5071321
-1.4089204
-1.4403633
-1.2861883
-1.2780563
-1.2828851
-1.3066882
-1.2846205
-2.1356655
-1.9787715
-1.9910465
-1.711903
-1.8336276
-1.703323
-1.5601273
-2.5800226
-2.5239687
-2.2373506
-2.3600319
-2.2552441
-1.4984282
-1.5660075
-1.4623833
-1.5211455
-1.6456556
-1.6468182
-1.5178109
-1.3892656
-1.3211705
-1.3659391
-1.4560336
-1.565114
-1.2976044
-1.0119873
-1.3572786
-1.7304499
-1.4260041
-1.5582289
-1.5033326
-1.7085061
-0.61090204
-0.72482184
-0.32764718
-0.4151241
-0.61837203
-1.0620716
-2.0513623
-1.8795979
-1.3401708
-1.1148345
-1.2098023
-1.1242832
-0.99054646
-0.93388893
-0.7172927
-0.99857771
-1.4799816
-1.7286264
-1.5923739
-1.2743714
-1.2723513
-1.452686
-1.2630733
-1.4008148
-1.1537244
-1.1150523
-2.2201931
-2.2232879
-2.3725686
-2.925624
-2.6664299
-2.6926382
-2.6138868
-2.8357299
-1.8004881
-1.7658257
-1.661442
-1.581492
-1.6372053
-1.6628168
-1.8454238
-1.8797736
-1.8520814
-2.2294586
-2.8951195
-2.7377712
-2.8856467
-2.8777544
-2.8686422
-2.5590685
-2.731903
-2.5045795
-2.1377833
-2.3445695
-2.3128582
-2.4947214
-2.3018717
-2.1545489
-2.3047248
-2.1689428
-1.8375579
-1.8823045
-1.7522943
-1.7228339
-1.9891898
-1.8061046
-1.8134508
-1.9164956
-1.6097113
-1.7319575
-1.5682308
-1.6329335
-2.6363301
-2.5479764
-2.5197136
-2.1572953
-2.1792483
-1.9954448
-1.6830612
-1.8074633
-1.6834005
-2.2563301
-1.9933589
-1.8341606
-1.7025999
-1.4300425
-1.480982
-1.9367699
-1.7898486
-2.0007729
-2.1117026
-2.1478927
-2.1275299
-2.2278672
-2.3487041
-2.708492
-2.6372122
-2.7176659
-2.6124812
-2.695206
-2.6356553
-2.648578
-2.420799
-2.4009496
-2.2254813
-2.0995851
-2.048858
-1.9572564
-1.8676478
-1.7870723
-1.5609769
-1.7860641
-1.717106
-1.8308498
-1.6784558
-1.381686
-1.407502
-1.5004969
-1.5067125
-1.5220645
-1.6120202
-1.5060883
-1.4793726
-1.4331455
-1.3540279
-1.5958095
-1.6067555
-1.5219726
-1.4806907
-1.3754358
-1.3068184
-1.3287622
-1.6504231
-1.6469271
-1.553111
-1.414201
-1.4256151
-1.5492293
-1.7638852
-1.7543137
-2.0545015
-1.9437532
-0.49458203
-0.39246311
-0.98330204
-0.75222673
-1.203745
-1.7593095
-1.7831864
-1.7485078
-2.0965859
-1.9708391
-2.0052533
-1.8215447
-2.0074312
-1.7843995
-2.207897
-2.2627089
-2.3114731
-2.3702121
-2.3644215
-2.3493717
-2.4028135
-2.1004736
-2.3064928
-2.1085065
-1.9513602
-2.0613868
-1.73671
-1.8541554
-2.2891277
-2.3386404
-2.27119
-1.6263724
-1.8747442
-1.4995716
-1.3945014
-1.0929428
-0.88225844
-1.0131766
-0.56281201
-0.75731507
-0.22463912
-0.76805117
-1.98583
-1.7836154
-1.3763938
-1.98496
-1.3313031
-2.2158638
-1.9235172
-1.8922505
-1.9139923
-2.0973093
-2.9582859
-2.9995084
-3.0348719
-2.8850614
-2.6979415
-2.4557859
-2.2915422
-2.4308032
-2.415203
-2.4726513
-2.6504653
-2.6040552
-2.5588209
-2.4053994
-1.4744869
-1.2900551
-1.4520327
-1.586782
-1.4784011
-1.5609322
-1.4455135
-1.4804442
-1.4904511
-1.5372332
-1.6492619
-1.610909
-1.6162653
-1.5724739
-1.5784807
-1.5508737
-1.6154615
-1.9858698
-1.8174677
-2.0196075
-2.0229285
-2.2879883
-1.588916
-1.5626478
-1.4787816
-1.3352504
-1.4580194
-1.4274908
-1.3982036
-1.4984196
-1.4762104
-1.4276352
-1.2743368
-1.2498089
-1.3017155
-1.4207432
-1.5216575
-1.5226496
-1.5404872
-1.5506943
-1.5510083
-1.5402095
-1.5152653
-1.4850955
-1.3611626
-2.9658942
-3.0970279
-2.9922206
-2.5080992
-2.6119759
-2.4837597
-2.4792684
-2.3918281
-2.2479657
-1.7116649
-1.7345241
-1.600283
-1.3388278
-1.3883231
-1.373001
-1.4626176
-1.6571277
-1.3799953
-1.2438151
-1.3406475
-1.2694796
-1.3351234
-1.6849735
-1.253442
-1.2681868
-1.2704538
-1.3487443
-1.5158207
-1.517234
-1.6037178
-1.6716226
-1.714236
-2.3742605
-2.312431
-2.1910155
-2.0279058
-1.8841205
-1.8983539
-1.7755769
-1.9453819
-1.9288024
-2.1729695
-2.6717448
-2.6327417
-2.8112833
-2.9227489
-1.507858
-1.5599078
-1.5463984
-1.5774535
-1.6105691
-1.6121704
-1.7135176
-1.7199638
-1.6928537
-1.7151484
-1.8267324
-1.7589809
-1.7818887
-1.7607918
-1.9638223
-2.0452534
-2.178373
-2.254696
-2.2904606
-2.5641916
-2.3922659
-2.0805592
-2.1232492
-2.0710276
-2.0650151
-2.0898206
-2.0791209
-1.9989603
-2.0221521
-1.5849595
-1.8365592
-1.7469664
-1.8706452
-1.9289479
-1.9256392
-1.9046295
-1.8075349
-1.8043094
-1.6419152
-1.6749599
-1.6095976
-1.532722
0.26175573
0.47634851
0.47363307
0.23168262
0.3997995
0.15239322
-0.39521837
-0.10550731
-0.39528683
-0.06312346
-0.84148432
-0.99292607
-0.4653992
-0.90543886
-0.84122713
-1.4089141
-1.7638381
-1.7382207
-1.7342456
-1.7659317
-1.6964668
-1.6324664
-1.6325291
-1.8454576
-1.8313703
-1.6802703
-1.5277788
-1.4864553
-1.4130281
-1.2101094
-1.4142003
-1.7446442
-3.1676179
-2.7820564
-3.0886178
-2.8250527
-3.2862043
-3.1914454
-3.3376441
-3.2166542
-3.1570125
-3.0172381
-2.8868462
-2.7354456
-0.88672791
-0.9266153
-0.76418245
-0.46412964
-0.52726591
-0.44789738
-0.70053177
-0.57783171
-0.4883486
-0.44196762
-0.38290533
-0.79031115
-0.52741879
-1.0224094
-1.1468925
-1.5237285
-1.7024081
-1.658959
-1.8595897
-2.4139079
-2.2076939
-2.2870236
-2.2674621
-2.4185052
-3.1811208
-3.2119611
-3.2203218
-2.9901452
-2.9948516
-2.8466367
-2.7643809
-2.623677
-2.2734887
-2.3999129
-2.3383549
-1.8632104
-2.0654392
-1.9521124
-2.123336
-1.8616598
-1.7967146
-1.796224
-1.7397389
-1.5807504
-1.58846
-1.6187338
-1.7284351
-1.7918284
-1.5199865
-1.5219699
-1.6231817
-1.9092396
-1.8188265
-2.014819
-2.0037064
-2.062812
-1.9469809
-2.0563841
-2.0018088
-2.0271474
-2.0407538
-2.0785252
-2.0665663
-2.1096519
-1.9757384
-1.8891919
-1.8449345
-1.8189774
-1.7174762
0.19918466
0.080545611
0.35054422
-0.29311106
-1.8594162
-1.7612193
-2.0925239
-2.3363774
-2.3404994
-1.7772124
-1.8091243
-1.8677069
-1.9607488
-2.2012701
-2.1945191
-2.2866761
-2.5218061
-2.4949623
-2.8124614
-2.5905155
-2.3091709
-2.4669313
-2.3428375
-2.3448702
-2.1800473
-2.2994354
-2.3111994
-2.1582934
-1.9494953
-1.7892737
-2.4623808
-2.5483085
-2.4184525
-2.4152607
-1.896553
-1.9982333
-2.0555516
-2.2211604
-1.6470127
-1.7010977
-1.7944023
-1.7574259
-1.822897
-1.7570975
-1.7112057
-1.5885711
-1.5303023
-2.1045718
-2.0761744
-1.9311192
-1.905962
-1.9473833
-2.0344398
-1.9615692
-2.0373399
-1.2871153
-1.2485252
-1.2584462
-1.2596962
-1.260698
-1.3550666
-1.5283464
-1.4771831
-1.4533395
-1.35286
-2.0899597
-1.9965419
-1.885962
-1.6068381
-2.3696811
-2.3604626
-1.3094207
-1.3374183
-1.3072582
-1.3897622
-1.2921656
-1.2930285
-2.055118
-1.8782006
-2.0422941
-1.9388866
-2.0239421
-0.17374847
-0.22029359
-0.094790118
-0.48711662
-1.5365137
-1.2658284
-1.4396444
-1.3604436
-1.4399395
-1.3249758
-1.2873262
-1.3118496
-2.6043713
-2.6226151
-2.9077883
-2.9639572
-3.0742235
-1.6374433
-1.58388
-1.5362551
-2.3558266
-2.4208791
-2.6874395
-2.8423596
-2.8694149
-2.0927633
-1.9709405
-2.1600292
-2.054594
-1.9398277
-2.0275117
-2.0232913
-2.058409
-1.9946396
-1.8947497
-1.7317793
-2.3389196
-2.081168
-2.3275931
-2.1811979
-2.1021664
-2.7038835
-2.4887761
-2.6691586
-2.5813993
-2.2200593
-2.0191848
-2.3724621
-2.3720244
-1.6370992
-1.6784218
-1.8574724
-2.5133768
-2.6847959
-2.7244727
-2.701527
-2.660433
-2.6681816
-2.5357988
-2.4551783
-1.6083705
-1.6828175
-1.6250559
-1.5517267
-1.4859873
-1.4704649
-1.4842816
-1.4476676
-1.4581555
-1.5039255
-1.5275516
-1.4839426
-1.4664106
-1.5013482
-1.5496748
-1.6375157
-1.6789055
-1.6172608
-1.5390805
-1.5204999
-1.5083397
-1.4855229
-1.5346146
-1.6973649
-1.7691665
-1.6917589
-1.6608784
-1.8327914
-0.64533242
-0.92253136
-1.2009688
-1.5228952
-1.7363108
-1.7206893
-1.9573497
-2.1262504
-2.1910501
-2.2752999
-2.1148945
-2.0880426
-2.0759437
-2.6627504
-2.4011651
-2.4960427
-2.4095648
-2.2134549
-2.1358497
-2.1053171
-1.9793523
-1.601968
-1.0737245
-0.74947827
-2.5388215
-2.2088295
-2.5480956
-2.4640234
-2.4665963
-2.9836219
-3.0882146
-3.0877113
-3.0252761
-2.9230225
-2.7608855
-2.9054656
-2.756024
-1.5352842
-1.536958
-1.5520774
-1.5679167
-1.5829055
-1.5217064
-1.5701109
-1.5714946
-1.6707421
-1.7297594
-1.7114146
-1.9175117
-2.0326817
-1.3808752
-1.3943388
-1.323131
-1.2639552
-1.2413028
-1.310318
-1.3483278
-1.4272868
-1.4842478
-1.5293127
-1.510502
-1.523651
-2.7710911
-2.7971474
-2.7305642
-2.4642288
-2.2388187
-1.5680667
-1.5265331
-1.4675239
-1.3061397
-1.2807767
-1.3221464
-1.3488083
-1.4448097
-1.9665554
-1.7520071
-1.8925078
-1.9353872
-2.0289872
-2.2708772
-2.2044988
-2.1769385
-2.1374395
-2.3122686
-2.4438243
-2.505979
-2.6194983
-1.5892836
-1.6062108
-1.598426
-1.7613595
-1.7708501
-1.8055968
-1.820611
-1.9050154
-2.0028764
-1.990582
-1.9793676
-2.136187
-2.0209973
-2.0192742
-1.631537
-1.8290446
-1.8435114
-1.7855193
0.32053673
-0.09643879
-0.91331147
-0.46144757
-0.86401896
-0.90332021
-1.1600474
-1.6491832
-1.5830845
-1.7105328
-1.7512661
-1.5896833
-1.5977027
-1.4660934
-1.435298
-1.6182392
-2.0338399
-2.1161478
-2.7337566
-3.152998
-3.3804616
-3.4157783
-3.4087241
-3.2782745
-3.0273409
-1.0393981
-0.74581773
-0.70441291
-0.68261322
-0.55462949
-0.59588368
-0.4578135
-0.47487597
-0.4566171
-0.52568345
-1.5168681
-1.9653372
-2.0362529
-2.4698456
-2.7649287
-3.0418518
-3.1516897
-2.9796959
-2.9487331
-2.8012003
-1.7372412
-1.8838175
-1.6433038
-1.6558046
-1.5990407
-1.5405703
-1.5446868
-1.633838
-1.6622489
-1.7032958
-1.7374862
-1.8522534
-2.3097079
-2.1116638
-2.1660135
-1.9572115
-1.9861796
-1.8972269
-1.8282295
-0.42509821
-0.57188968
-1.1715095
-1.7956333
-2.0336325
-1.7531362
-1.8355076
-1.9068769
-2.1436276
-2.3009875
-2.4530102
-2.3628796
-2.3188945
-2.2713577
-2.750536
-2.8055106
-2.6891971
-2.5043182
-2.353933
-2.1699249
-2.1095928
-2.0281075
-2.0150111
-1.8925862
-1.816198
-2.6850383
-2.6539325
-2.6873334
-2.6877408
-2.6675015
-2.6040097
-2.6614263
-2.6804124
-2.6915294
-2.7292116
-1.7581023
-1.9353053
-1.8917789
-1.9784362
-2.2974308
-2.0811769
-2.280211
-2.1424467
-2.4079678
-2.593327
-1.3971065
-1.3849644
-1.3813064
-1.5905317
-1.5128504
-1.5508915
-1.5267359
-1.6356569
-1.6967368
-1.7416409
-1.7379542
-1.7121269
-1.6608262
-1.69578
-1.6487543
-1.5891028
-1.5189731
-1.4766614
-1.7432563
-1.7360778
-1.8115342
-1.7655702
-1.7190326
-1.73815
-1.6092479
-1.5172572
-1.4613159
-1.3386156
-1.3109247
-1.3409645
-2.6084445
-2.6793846
-2.5253656
-2.3320009
-2.2258499
-2.1125455
-2.1549575
-2.1675387
-2.0904695
-1.9320247
-2.7142505
-2.8888488
-2.8212603
-2.8068994
-2.7799406
-2.334533
-2.4795912
-2.8185931
-2.7665024
-2.7140685
-1.4081133
-1.4494614
-1.4113953
-1.380673
-1.3889914
-1.2450642
-1.2777194
-1.4272378
-1.4940181
-1.254744
-1.3485393
-1.3809135
-1.5922422
-1.3459666
-1.2705347
-1.3730214
-1.3227487
-1.2785466
-1.3340001
-1.2958488
-1.3355266
-1.2884717
-1.3023739
-1.3678343
-2.1941152
-1.9910093
-1.8735489
-1.789155
-1.9414299
-1.8321312
-1.7807829
-1.6913572
-1.6258732
-1.5649923
-1.5621342
-2.5770477
-2.5744101
-2.6073281
-2.5282855
-2.4743834
-2.4416494
-2.4654925
-2.3445189
-2.2284617
-2.2084049
-1.679024
-1.6752788
-1.6671799
-1.6637736
-1.6730043
-1.499411
-1.5739153
-1.6769559
-1.6984002
-1.6931238
-1.7057687
-1.7041402
-1.6423972
-1.672701
-1.5737206
-1.6164249
-1.5247915
-1.350284
-1.4530309
-0.69896109
-0.31621993
-0.67285779
-0.75043843
-0.64252221
-1.2751793
-1.1636087
-1.0096231
-1.2142692
-0.991504
-1.1136908
-1.0076922
-0.87541413
-1.0636577
-0.35560512
-0.8204809
-1.3686514
-2.1566747
-2.4630069
-2.6880036
-1.2488896
-1.0109294
-1.0343204
-0.91236959
-0.65374931
-1.0720212
-0.83535639
-0.57286081
-0.58017728
-0.65416517
-0.72923539
-0.96267536
-2.1346974
-2.3201159
-2.0411673
-2.1297833
-1.9984977
-1.9162901
-1.5693447
-1.6967592
-1.8109101
-1.6040978
-1.5009335
-1.3986335
-1.9495323
-1.9347178
-2.03098
-2.1186389
-2.3436461
-2.5856257
-2.5441869
-2.3849232
-2.4326895
-2.479358
-2.3411333
-1.8096854
-1.8511214
-1.8219976
-1.7174942
-1.7020992
-1.7446266
-1.7203473
-1.8291304
-1.9338692
-2.0900273
-1.6769836
-1.930524
-2.3324607
-2.3285121
-2.4873751
-2.426574
-2.819922
-2.8550801
-2.8449615
-2.8230593
-2.8432705
-2.8103565
-2.3627493
-2.6904255
-2.7754699
-2.7697067
-2.6399592
-2.7068542
-2.456995
-2.2591841
-2.0789265
-1.9791709
-1.9340694
-1.8981282
-1.8224636
-1.7688643
-1.6976011
-1.8794164
-1.8825123
-1.8170821
-1.7383459
-1.5413662
-1.9162482
-1.604954
-1.5166057
-1.4125903
-1.3158312
-2.5863309
-2.4205052
-2.221629
-2.3548517
-2.2528156
-1.8168921
-1.687123
-1.2377028
-1.531169
-1.3796332
-1.45421
-1.9565899
-1.7708818
-1.5573699
-1.5643776
-1.6174796
-1.2967744
-1.3081576
-1.3584926
-1.4657688
-1.7328266
-1.6737068
-1.7212873
-1.8801983
-1.9676724
-2.3106888
-2.4723202
-2.1687401
-2.117272
-2.2349104
-2.503426
-2.4179125
-2.372755
-2.4964087
-2.4684187
-2.605084
-2.5707201
-2.4742182
-2.5735943
-2.4733448
-2.264847
-2.1249184
-2.2691688
-2.2391631
-2.2229757
-2.108543
-2.0483461
-1.7282143
-1.9172837
-1.895901
-1.8948814
-1.8110676
-1.6585242
-1.7804872
-1.3931984
-1.4429511
-1.3875467
-1.3871211
-1.4753383
-1.4555504
-1.489306
-1.5652416
-1.6559013
-1.6260135
-1.6277984
-1.392911
-1.3950541
-1.3174477
-1.2856872
-1.6164147
-1.5593811
-1.4910528
-1.5391847
-1.5024474
-1.4211938
-1.3322664
-1.3101224
-1.324071
-1.6691909
-1.5598767
-1.4957809
-1.4332068
-1.3882175
-1.3595159
-1.3855477
-1.4044305
-1.7033257
-1.7820906
-2.1565366
-2.0190909
-2.1151167
-2.2428726
-2.1205854
-2.284885
-2.2727878
-2.3190505
0.18775866
0.41392945
0.18024351
0.016750607
-0.21768816
-0.52705281
-0.35350148
0.30911021
-0.57642766
-1.6950741
-1.5881599
-1.5755041
-1.9141036
-2.1936027
-1.8797196
-1.7054331
-1.593724
-1.1330246
-0.96888935
-1.2352101
-1.4735289
-1.8694983
-2.2533423
-2.1495851
-2.1492017
-2.2285003
-2.3184989
-2.2180214
-2.0642986
-2.0058751
-2.1120541
-2.0101336
-1.8872227
-2.14832
-1.9812256
-1.6867607
-1.4974901
-1.2886536
-2.5224139
-2.342777
-2.108055
-2.055089
-2.0737976
-1.9925435
-1.6649871
-1.3784557
-0.86394713
-0.69746725
-0.5479807
-0.9266812
-0.55883929
-0.32552076
-0.2011279
0.040497824
-1.5880594
-1.5320994
-1.540036
-1.8433198
-1.6408311
-1.5580079
-1.7642329
-1.6040595
-1.7789965
-1.9489262
-2.9061426
-2.858372
-2.5932758
-3.0167178
-2.779102
-2.3224051
-2.1996597
-2.0868117
-1.950323
-2.1851757
-2.3071268
-2.3633828
-2.6153778
-2.5302345
-2.4643729
-2.4061731
-2.3151929
-2.2266525
-1.2567778
-1.1412594
-1.1709828
-1.1956702
-1.4426665
-1.3139405
-1.2098545
-1.3168091
-1.2811333
-1.3793745
-1.4861144
-1.5714552
-1.5957418
-1.5872015
-1.6041105
-1.6159595
-1.5904259
-1.5178386
-1.4410237
-1.442726
-1.4281745
-1.717307
-1.6651972
-1.8398307
-1.6734492
-1.3866247
-1.4971929
-1.5093921
-1.5197665
-1.5149824
-1.5237001
-1.2120627
-1.2483948
-1.3006214
-1.3671612
-1.4681448
-1.3736648
-1.4868436
-1.5490918
-1.5232741
-1.5463574
-1.538342
-1.518168
-1.5261446
-1.5270501
-1.4761805
-1.5348336
-1.484657
-1.398158
-1.4355566
-1.302818
-1.2454476
-1.2772422
-3.041543
-3.1937168
-3.1309912
-3.1352546
-3.0800651
-2.9664235
-2.909201
-2.8920658
-2.6725581
-2.4518777
-2.2020373
-2.02907
-1.933904
-1.8897104
-1.4224586
-1.5413279
-1.7324395
-1.7073324
-1.9604447
-1.7703996
-1.9108151
-1.5229695
-1.2796267
-1.2688001
-1.3586041
-1.4484068
-1.6904189
-1.719841
-1.7928841
-2.2785741
-2.1430192
-1.9385018
-1.9815773
-2.0509889
-1.9786228
-1.7888038
-2.0327037
-2.1804602
-2.4488876
-2.380256
-2.4856948
-2.6582944
-2.8278508
-2.9689908
-1.4808953
-1.4834415
-1.4891756
-1.5322064
-1.5392274
-1.5395562
-1.5854438
-1.6312818
-1.7217032
-1.6632038
-1.670539
-1.6433594
-1.6267747
-1.731901
-1.6843177
-1.6514538
-1.6680243
-1.6975596
-1.8136682
-1.8882826
-2.1347203
-2.2837041
-2.159845
-2.3100473
-2.440712
-2.7260117
-2.7886575
-2.1697559
-2.0840069
-2.0552047
-1.9767449
-1.8185688
-1.7007513
-1.6655003
-1.7126831
-1.9175381
-2.0195417
-1.8607466
-1.9518639
-2.0057424
-1.9774415
-1.8615901
-1.7713829
-1.8031499
-1.7833486
-1.7139378
-1.7529649
-1.7452784
-1.6558455
-1.618109
-1.521677
0.42374787
0.45587325
0.41139612
0.15477302
0.45848088
0.49382639
0.27744234
0.48295504
-0.0029619679
0.45879336
-0.421814
-0.87615276
-1.1425021
-0.085697472
0.41742067
0.10628067
0.08502246
-0.16716896
0.0045599325
-0.62823867
-1.157832
-1.6103793
-1.7223673
-1.8408934
-1.827628
-1.7769393
-1.8015971
-1.7272738
-1.675336
-1.5634238
-1.9247348
-1.4008089
-1.6136066
-1.225883
-1.2511491
-1.1258038
-1.6590656
-2.4332761
-2.0030104
-1.9172733
-1.9510726
-2.0209272
-2.7981787
-3.0086219
-2.889803
-3.2896607
-3.0733098
-2.856972
-2.6337459
-2.3546689
-2.225119
-2.2080328
-1.0291394
-0.86270287
-0.67704487
-0.66470848
-0.97136849
-1.032106
-0.95635179
-1.044679
-1.1925102
-1.1593812
-1.3257624
-1.2953059
-0.63821236
-0.73268502
-0.39793022
-0.37214626
-0.41301357
-0.39556667
-0.39910061
-0.79576681
-1.2418407
-1.5750072
-1.4752109
-1.5720011
-1.6106831
-1.6295196
-1.7029273
-2.0564924
-2.0072908
-1.8603893
-1.9633294
-2.1343205
-2.0357344
-3.1874585
-3.145412
-3.0778873
-3.0473012
-2.9178012
-2.8326077
-2.3472617
-2.5385016
-2.6620084
-2.6301991
-2.0477674
-2.3921859
-2.4694108
-2.2473942
-2.0549098
-1.884592
-1.8087476
-1.712436
-1.5912598
-1.6237743
-1.6807937
-1.7421856
-1.8325716
-1.9192048
-1.4839446
-1.5546758
-1.6238953
-1.707671
-1.7679925
-1.7183668
-1.779774
-1.9428706
-2.0997094
-2.2044082
-2.1562044
-1.9174434
-1.941901
-2.0381545
-2.0065547
-2.0198937
-2.0702672
-2.1211456
-2.2137065
-2.1826391
-2.1766892
-2.1336494
-1.9841375
-2.0832848
-1.9986905
-2.0090781
-2.0683034
-0.81041475
-1.0230089
-1.2048777
-1.6990981
-2.2556539
-2.4522873
-2.660454
-2.7496554
-1.8783598
-1.8926284
-2.1591321
-2.0914772
-2.1835
-2.265054
-2.4680605
-2.6258911
-2.5883341
-2.8915387
-2.9396198
-2.9783516
-2.8714796
-2.5080309
-2.5248272
-2.6943751
-2.7232343
-2.6008564
-2.2360869
-1.9542142
-2.1023158
-2.2390923
-1.9834437
-2.1012503
-1.8035449
-1.9891644
-1.7614513
-1.673639
-1.7004148
-1.7524829
-1.7792861
-1.4578954
-2.1302895
-1.2767371
-2.2567947
-2.2073494
-3.0222603
-3.036073
-1.4838402
-1.5356804
-2.8282302
-1.8538594
-2.4783297
-2.7809693
-2.6409515
-1.796671
-2.6676146
-2.6551037
-1.7295713
-1.6616931
-1.7110351
-1.7030347
-1.7742741
-1.4226814
-1.6064806
-1.4413686
-1.4763828
-1.6481457
-1.5257589
-1.3981916
-2.8042469
-2.7349354
-1.5792833
-1.2729488
-2.8447267
-2.8355999
-2.87243
-2.8290485
-2.8906721
-1.4852639
-1.5147266
-1.5831218
-1.6600644
-1.4386022
-2.4147805
-2.4212883
-2.3228279
-1.5321902
-1.4845487
-2.4105531
-2.52045
-2.3050611
-2.4729211
-1.7547731
-1.7727692
-1.8625828
-1.7032865
-1.7460021
-1.7259421
-1.7132125
-1.5761278
-1.3985692
-1.4547345
-1.7200517
-2.9126937
-3.0183878
-3.0218761
-1.2825416
-1.1209504
-1.0686732
-1.2598493
-1.6116976
-2.6219603
-1.4754504
-1.4882154
-1.49658
-1.7384816
-2.1672702
-2.1854857
-2.2456511
-2.2713777
-2.4674702
-1.8147587
-2.644216
-2.477265
-2.5555302
-2.5115218
-1.5894458
-1.787317
-1.7670214
-1.5862658
-1.5290249
-1.8959883
-1.4456216
-1.5174417
-2.2620648
-2.1896795
-1.8870022
-1.9613124
-2.343117
-2.2081934
-2.4569163
-1.2654938
-1.255329
-1.2461093
-1.2779223
-1.2878784
-1.433991
-2.2035429
-2.0911799
-2.1395694
-1.6377691
-2.5789944
-2.5560073
-2.2573442
-1.4203232
-1.40616
-1.6073889
-1.3632402
-1.4053014
-1.4522917
-1.6346048
-1.7025496
-0.57578364
-0.43379461
-0.73717471
-1.3635131
-1.3541392
-1.2594808
-1.2767713
-0.85401061
-0.95483941
-1.4271475
-1.2811767
-1.2805275
-1.4675363
-1.2344824
-1.2995229
-2.2895836
-2.4189137
-2.9101828
-2.7677311
-2.8088372
-2.7051065
-1.6292974
-1.7254111
-1.7777391
-1.9877252
-2.092263
-2.2232033
-1.9713527
-2.8940903
-2.4455595
-2.4822979
-2.3883332
-2.2522994
-1.7120878
-2.0468333
-2.6327864
-2.5462494
-2.0217758
-2.0776359
-2.1093998
-1.5373866
-1.9279885
-2.2768375
-2.3553359
-2.2500576
-2.4143236
-2.7105315
-2.6971965
-2.6998351
-2.678925
-2.1232204
-1.6972309
-1.6154104
-1.4363737
-1.5045956
-1.51571
-1.4655373
-1.4313564
-1.4728022
-1.4457473
-1.6167719
-1.5486138
-1.4879938
-1.6661701
-1.2056074
-1.108835
-0.95763664
-0.02019096
-1.6827012
-1.7464746
-1.6967901
-2.2081024
-2.1408524
-2.0809898
-2.1050531
-2.2212533
-2.3165328
-2.3433992
-2.2971083
-2.4423647
-2.3133094
-2.4238898
-2.1462094
-2.0707926
-1.9601699
-2.2989416
-2.2422973
-1.4426605
-1.3187259
-1.2164107
-1.1364223
-0.38030817
-2.1615992
-2.0333526
-2.1049521
-1.9946506
-1.5285709
-3.004466
-3.0307067
-3.0446211
-2.8039211
-2.7706424
-2.6880224
-2.5360594
-2.6221738
-2.6201446
-2.5723042
-2.4971227
-1.5910629
-1.5717991
-1.5954156
-1.4934273
-1.5414563
-1.6336571
-1.5984971
-2.0542702
-2.0906993
-2.1948566
-1.4749357
-1.3808676
-1.2746012
-1.3830996
-1.3128134
-1.4869663
-1.4094502
-1.4538093
-1.5014991
-1.4577557
-2.3065927
-2.4709531
-1.6964286
-1.2950348
-1.3720193
-1.2527798
-1.3477403
-1.3020132
-1.640614
-1.6610767
-1.7578599
-2.077429
-1.9234524
-1.9812197
-1.8643108
-1.7735281
-1.9312636
-2.0806114
-2.1830959
-2.8353236
-2.7763969
-2.8395732
-2.7303265
-1.5839043
-1.5626029
-1.7364799
-1.7368718
-1.7212969
-1.8782231
-1.8549042
-1.9415674
-2.0784082
-2.06059
-1.6622613
-1.8884029
-1.9196317
-1.9059827
-1.8555935
-1.6230526
0.40366236
0.30586667
-1.2148591
-1.258785
-1.6427294
-1.5906284
-1.7163532
-1.700201
-1.6837109
-1.7773334
-1.7547258
-1.4987183
-3.269179
-3.1294805
-3.2165579
-3.1665661
-3.37016
-3.1354511
-3.1325324
-3.0000112
-2.8859723
-2.9223444
-2.9556003
-0.87899852
-0.40735366
-0.43395685
-0.39646966
-1.3535127
-1.3427768
-1.7198459
-1.8399636
-2.4254074
-2.397715
-2.533761
-3.2203489
-2.8753287
-2.9150561
-2.7403383
-2.7518042
-2.1026932
-2.223587
-2.0984141
-1.8272918
-1.9791963
-1.6030961
-1.5402343
-1.7298209
-1.5745304
-2.011975
-2.1615996
-2.0413308
-2.0041994
-2.0274854
-1.8013913
-1.8044075
-1.772945
-0.0095895652
-2.0985859
-2.0593838
-2.2022947
-2.312508
-2.2663104
-2.2635112
-2.3828593
-2.4580046
-2.6216953
-2.4544099
-2.3469316
-2.2932077
-2.2589085
-2.2323519
-2.3751399
-1.8963204
-2.4624059
-2.4289466
-1.9514613
-2.0393479
-2.2430886
-2.4466426
-1.7157932
-1.7592487
-1.9813139
-1.8667316
-1.8604716
-1.6949414
-1.7537743
-1.6408548
-1.5490457
-2.0103916
-1.9962196
-1.8574638
-1.9469724
-1.9474955
-2.0218649
-1.2870712
-1.303095
-1.3352286
-1.2750651
-1.3097173
-1.7727611
-2.2616944
-2.3739275
-1.3368872
-2.0536155
-1.6661369
-1.6663596
-1.483956
-2.7204032
-3.086515
-2.9880779
-3.0678976
-3.0298489
-3.0810467
-1.6084068
-1.5428057
-2.5352203
-2.5084645
-2.6108435
-2.8234038
-2.8439064
-2.8696417
-2.0526702
-1.7583389
-2.2046522
-2.3435841
-2.2545279
-2.7189719
-2.6725296
-2.591204
-2.405652
-2.1461615
-2.2934728
-2.4909071
-2.5578405
-2.7106368
-2.7195506
-1.5138563
-1.5397537
-1.5124965
-1.5583437
-1.6132267
-1.5636632
-1.6337091
-1.5894143
-1.4915828
-1.5089602
-1.499672
-1.5514113
-1.6377481
-1.5724557
-1.1000306
-1.5943622
-1.8605603
-1.9964454
-2.0430342
-2.0024486
-2.649576
-2.6144481
-2.5833906
-2.5451705
-2.3601371
-2.0395868
-1.499206
-1.1587176
-1.0498457
-2.5695241
-2.4410034
-2.5626359
-2.7124427
-2.6361089
-2.4704636
-2.5831095
-2.9336302
-3.0686445
-3.0204673
-3.0400438
-2.9796647
-2.9783008
-2.8538007
-2.7957539
-2.8534334
-2.7071826
-1.5352218
-1.5453691
-1.5556985
-1.5890032
-1.5667241
-1.7004713
-1.7626822
-1.9216776
-1.9708198
-1.8107146
-2.0440277
-1.2444491
-1.2254901
-1.2757145
-1.3207786
-1.4393056
-1.3591526
-1.4795053
-1.5162582
-2.7301429
-2.7073574
-2.3645708
-2.5424927
-2.3570204
-2.2070446
-1.5789503
-1.5592857
-1.3933563
-1.4484635
-1.3885116
-1.7717106
-1.4348523
-2.1138582
-2.0521843
-2.1493103
-2.0308952
-2.2817348
-2.2074658
-2.2483075
-2.3983269
-2.4265086
-2.5941845
-2.5620903
-2.6731139
-2.7138068
-1.6257637
-1.5835126
-1.7449592
-1.7730622
-1.836296
-1.8557776
-1.8869653
-1.913117
-1.9357893
-2.0707523
-2.0085111
-1.819589
-1.657889
0.1683505
0.3008489
0.19635371
-1.2681182
-1.1037401
-1.1327754
-1.4149022
-1.6724029
-1.5674962
-1.5172549
-1.461327
-2.5828532
-2.5515247
-3.2123893
-3.1013643
-3.2266545
-3.2734194
-3.4170334
-3.3905541
-3.2486344
-3.2990828
-3.2020484
-3.080897
-0.79736937
-0.86454028
-0.82853516
-0.68000935
-0.74284197
-0.66703825
-0.43268718
-0.47542681
-1.1915098
-1.0024332
-1.7938475
-1.8543408
-2.3376369
-2.3087293
-2.5090553
-2.6636206
-2.8512071
-2.6811185
-2.7987541
-2.9439034
-2.860018
-2.9150342
-2.8144274
-1.650285
-1.7511531
-1.6594921
-1.8218681
-1.9100615
-1.9264162
-1.9035538
-2.2243771
-2.0420759
-2.1018172
-1.9000071
-1.860699
-0.72306648
-0.85965425
-1.1165533
-1.6783079
-1.8848819
-1.8921592
-1.9500947
-2.2031743
-2.0926606
-2.1777464
-2.2214058
-2.3545634
-2.3150814
-2.2832858
-2.2562962
-2.7330828
-2.6185772
-1.7687436
-2.2081066
-2.0145135
-1.889399
-2.6935749
-2.7058968
-2.6845917
-2.7029345
-2.4827015
-2.610435
-2.6369402
-2.6955701
-1.6646446
-1.7880964
-2.3865998
-2.6616843
-2.66274
-2.6879796
-1.4065503
-1.4082047
-1.4382265
-1.4440216
-1.4290788
-1.6849996
-1.6286189
-1.620122
-1.5771615
-1.6854018
-1.790395
-1.7903627
-1.6967168
-1.7515747
-1.6848096
-1.6692691
-1.6192532
-1.5721976
-1.4418598
-1.7773491
-1.8491956
-1.8110109
-1.7337423
-1.7320822
-1.5515579
-1.4380411
-1.3837432
-2.2618938
-2.0317498
-2.0249616
-2.0636293
-2.1363577
-2.0663036
-1.9470263
-1.9664661
-1.9141202
-2.6391588
-2.7697174
-2.7058363
-2.508139
-2.7256552
-2.6839721
-2.1623578
-2.4837113
-2.6012363
-2.7678276
-2.6024957
-2.6133085
-1.39088
-1.3571735
-1.4291712
-1.2389735
-1.242118
-1.325512
-1.3572129
-1.4750259
-1.4787858
-1.4644945
-1.3895953
-1.267895
-1.2887577
-1.313566
-1.428767
-1.424925
-1.8818827
-1.369504
-1.307941
-1.2821688
-1.3125536
-1.3464063
-2.1100789
-2.0682357
-1.9873605
-1.876893
-1.8886861
-1.7855932
-1.7834096
-1.7407308
-2.611147
-2.4071198
-2.4387045
-2.3939177
-2.1696857
-1.6532535
-1.6232031
-1.5863631
-1.6198366
-1.6853612
-1.6509027
-1.4237107
-1.6383234
-1.6636991
-1.6750469
-1.6937467
-1.366753
-1.4210275
-1.6841406
-0.93327502
-1.7512171
-1.5777585
-1.464855
-1.400858
-0.7629073
-0.5987693
-0.67718343
-1.016089
-1.773889
-1.664675
-2.2098726
-2.6006997
-2.5773514
-1.2641566
-1.1251438
-1.1955801
-0.98156539
-0.7772127
-0.820564
-0.85555865
-0.86190416
-0.69804552
-0.51643409
-2.1233406
-1.939765
-1.9250772
-1.8872249
-1.9847814
-1.4541557
-1.4210601
-1.5307256
-1.288833
-1.6770642
-1.6414794
-1.5064212
-1.3586369
-1.4774759
-1.4200255
-1.4362088
-1.5445697
-2.3168727
-2.1511109
-2.2416811
-2.7295174
-2.5754661
-2.5061284
-2.4719689
-2.3802218
-2.552756
-2.612264
-2.5049694
-2.43641
-2.4818468
-1.8418317
-1.8507739
-1.6908576
-1.6917883
-1.6541651
-1.6683732
-1.6755644
-2.0142678
-2.0156266
-2.1096846
-1.9516876
-2.127551
-2.6542083
-2.5507743
-2.7484428
-2.601471
-2.5831596
-2.6327303
-2.5773534
-2.7116525
-2.8820558
-2.8609866
-2.8600784
-2.7238664
-2.7585244
-2.7746265
-2.8135803
-2.7337959
-2.2779772
-2.4632282
-2.5114435
-2.6292233
-2.6783322
-2.7209562
-2.6319848
-2.5597991
-2.6338642
-2.4735087
-2.2147659
-2.2083213
-2.1239174
-1.9916476
-2.0916952
-1.8155728
-1.8776011
-1.7201176
-1.7256856
-1.8762801
-1.6283215
-1.7164855
-1.5274002
-1.4606263
-1.4742663
-2.6055027
-2.6085976
-2.4762669
-2.0339339
-2.2243851
-2.0406676
-1.8645569
-1.6598832
-2.0373094
-1.9165198
-1.8270098
-1.4434311
-1.5809326
-1.6450206
-1.7627768
-1.8516095
-1.9771976
-2.2377535
-2.3510864
-2.4541479
-2.3168407
-2.2593317
-2.1339948
-2.6713433
-2.6150824
-2.6518316
-2.5586554
-2.6663747
-2.531855
-2.5495836
-2.5975544
-2.5590032
-2.5800533
-2.4609695
-2.5227865
-2.4283478
-2.4153437
-2.0488724
-2.2657213
-2.2179843
-1.9910676
-2.0976197
-1.8616984
-1.9192785
-1.900824
-1.7881198
-1.741279
-1.9672093
-1.3724768
-1.4130287
-1.4669214
-1.4741152
-1.5218494
-1.4860773
-1.5117389
-1.5148985
-1.5665752
-1.6415718
-1.6060011
-1.5912038
-1.5962939
-1.419555
-1.4567567
-1.3233994
-1.2674869
-1.302145
-1.6658656
-1.6402948
-1.5358639
-1.5317689
-1.5922044
-1.4588142
-1.3678834
-1.331927
-1.2852202
-1.7260707
-1.7108311
-1.5791992
-1.6130404
-1.548463
-1.4225248
-1.4642015
-1.4946669
-1.3807131
-1.3115682
-1.4447381
-1.5622298
-1.8909065
-1.9295922
-2.0798247
-1.9240017
-1.895585
-2.0372483
-2.1427411
-2.2136061
-2.274078
-2.2117235
0.040554412
-0.8185043
0.066799815
-0.06950967
-0.68349067
-0.65144185
-0.55913399
0.085117526
-0.81653925
-1.7566832
-1.759004
-1.7766547
-1.7121298
-1.7086346
-1.5740852
-1.8895697
-1.810597
-1.8723527
-1.8049074
-1.9709497
-1.6161476
-1.7173888
-1.4861772
-1.5062692
-1.1646213
-1.3793201
-1.6319259
-0.64037843
-1.8454511
-1.6376866
-2.2316664
-1.9133089
-2.2781005
-2.269786
-2.3381625
-2.2922592
-2.2403905
-2.2359516
-2.3359318
-2.3405533
-2.3214034
-2.3562448
-2.294388
-2.2387065
-2.2062629
-2.1620409
-2.1151446
-1.9587834
-2.3147425
-2.3338463
-2.2958711
-1.9427249
-2.0038817
-1.7698861
-1.7831778
-1.5917846
-1.5104095
-1.3822594
-1.4801557
-2.5866118
-2.5867484
-2.5401008
-2.2997477
-2.4385227
-2.2934148
-2.2450393
-2.0369926
-2.084675
-1.9484435
-1.9919063
-1.8245607
-1.819925
-1.2529644
-0.78196822
-1.2982904
-1.1573126
-1.231594
-0.9008837
-1.0000837
-0.96663336
-0.67659857
-0.4427727
-0.44858783
-1.5559032
-2.0873599
-1.840407
-1.4891123
-1.6793075
-1.7010431
-1.7508061
-1.8171613
-2.9219178
-2.9559051
-2.9683361
-2.9476664
-2.8673546
-2.7193015
-2.7030284
-3.0788584
-3.0443691
-2.5172145
-2.5654959
-2.2798657
-2.1588671
-2.0982557
-2.3438508
-2.1824692
-2.4085329
-2.2935954
-2.6564099
-2.7137237
-2.5680746
-2.5340807
-2.4735804
-2.4028238
-2.5332215
-2.4723257
-2.3730656
-2.3962618
-2.3651044
-1.2826313
-1.2899539
-1.4014247
-1.2300211
-1.2478343
-1.5195698
-1.4111129
-1.3457579
-1.4793783
-1.4057388
-1.4025737
-1.4731247
-1.4651253
-1.5229955
-1.5934518
-1.5944018
-1.587109
-1.6114606
-1.5990375
-1.5663014
-1.5084655
-1.3948957
-1.5192739
-1.5084615
-1.7763043
-1.8715584
-1.7930215
-1.8044061
-1.7829683
-1.7000231
-2.0845952
-2.1534614
-2.1011815
-2.1401775
-1.7528287
-1.6229958
-1.5649599
-1.3425431
-1.5193941
-1.4967168
-1.4725123
-1.4892616
-1.5101887
-1.3075099
-1.2349315
-1.2788356
-1.2528622
-1.2936586
-1.3612834
-1.3708444
-1.5405953
-1.5455012
-1.5238692
-1.4869377
-3.1073867
-3.0969325
-3.103398
-2.7820505
-2.9102073
-2.8143667
-2.6257221
-2.8037223
-2.8230908
-2.7593252
-2.3556768
-2.5589182
-2.3347591
-2.0160818
-2.0555533
-1.8929742
-1.7764118
-1.4246575
-1.4538827
-1.5443245
-1.6631239
-1.6188944
-1.8729527
-2.0164489
-1.5311292
-1.5369449
-1.7237013
-1.7483501
-1.6402067
-1.6831991
-1.4765572
-1.2574191
-1.2480022
-1.3374012
-1.2509987
-1.2991259
-1.3656094
-1.6577213
-1.6387383
-2.527469
-2.4076
-2.4406738
-2.1001365
-2.1359099
-2.1135955
-1.8474736
-1.8576495
-2.0800582
-2.0263903
-1.9650178
-2.086449
-2.6260927
-2.5071812
-2.6574695
-2.9736565
-1.4761089
-1.4892841
-1.502746
-1.5247826
-1.5464871
-1.5463708
-1.6815862
-1.6695296
-1.7628731
-1.7641857
-1.786704
-1.7236597
-1.7028036
-1.762846
-1.7982861
-1.8537042
-2.092416
-2.1696155
-2.3020762
-2.3940858
-2.5519571
-2.7317711
-2.8661428
-2.8112911
-2.1835083
-2.2035089
-2.0361372
-1.9989946
-2.0368469
-2.0160804
-1.8432527
-1.962171
-1.9214461
-1.7529142
-1.9046801
-1.9985222
-1.9416254
-1.7599633
-1.544811
-1.6184164
-1.9439282
-1.9868716
-1.9227356
-1.8143929
-1.7873584
-1.7301816
-1.6595328
0.40704139
0.45072176
-0.013701969
0.42234948
-0.17625567
-0.19818931
-1.090694
-0.68392591
-0.96652303
-0.16836028
-0.40299328
-0.59374492
-1.005105
-1.346601
-1.4102286
-1.721751
-1.6894407
-1.8243662
-1.8239297
-1.8292126
-1.7274459
-1.7371276
-1.7845729
-1.6687014
-2.0100203
-2.0242587
-2.0234872
-1.9850644
-1.9538883
-1.7245112
-1.8041865
-1.7377512
-1.5242939
-0.98661269
-1.2945357
-1.7104985
-2.4957606
-2.3877994
-2.4179279
-2.8814365
-2.2188029
-2.3281141
-1.8532319
-2.318555
-2.3038543
-3.1103116
-3.0511211
-3.39714
-3.3788773
-3.3234006
-3.0928894
-3.1712615
-3.0053297
-2.5060955
-2.3981258
-2.2779519
-2.3132855
-0.73199933
-0.67014902
-0.69293937
-0.56929676
-0.61198169
-0.81256626
-0.97971738
-1.2383443
-1.2586947
-0.96101757
-0.917693
-0.3681269
-0.33820335
-0.35092425
-0.52192922
-0.67823904
-1.3533048
-1.0879158
-1.194365
-1.3546523
-1.4622737
-1.8030637
-1.7107678
-2.0621351
-2.0295649
-2.217776
-2.171578
-1.9966088
-2.1292788
-2.1128328
-3.1841182
-3.2204058
-3.1950036
-3.1772317
-3.1288276
-3.0841429
-3.1856859
-3.1342893
-3.0062409
-2.92487
-2.6338439
-2.4825999
-2.3811926
-2.4074384
-2.6019044
-2.4810999
-1.8534586
-1.932319
-2.0159897
-2.1169617
-2.2604534
-2.3920735
-2.0973548
-2.1886028
-1.9654823
-1.9525391
-1.7344212
-1.8201831
-1.784819
-1.7505439
-1.7477076
-1.5581054
-1.6179464
-1.6410618
-1.6790329
-1.6777096
-1.7713557
-1.7610786
-1.5727491
-1.5213289
-1.5968545
-1.6790246
-1.7938948
-1.9017564
-1.7752552
-1.7720055
-1.8638536
-2.0590691
-2.062358
-2.1195409
-1.9765802
-1.9592505
-2.1007675
-2.0684709
-2.0242049
-2.0149606
-2.0183858
-2.0254097
-2.0528076
-2.1214017
-2.1103534
-2.1727848
-2.1576891
-2.2181127
-2.1530148
-2.1080816
-2.0594703
-1.9257233
-1.9363541
-1.9114904
-2.0108597
-1.9245436
0.3390063
-0.2378336
-1.0800888
-1.3238298
-1.83504
-1.5513619
-1.786304
-1.4899193
-1.9630998
-1.9652657
-2.1157396
-2.4064942
-2.5727193
-1.8497578
-1.8876512
-1.9438894
-2.0642359
-2.0826604
-1.9507307
-2.2386768
-2.6912417
-2.9190666
-2.7892356
-2.8974283
-2.4003109
-2.4996283
-2.4615731
-2.5910699
-2.6145719
-2.6313756
-2.6365616
-2.5330546
-2.2489915
-2.2829422
-2.1378686
-2.0615832
-2.1768045
-1.9705339
-1.8277258
-1.8094444
-1.8907201
-1.9307972
-1.7298607
-1.6411644
-1.8782103
-1.8760106
-1.8669001
-1.8059195
-1.4443241
-1.3219242
-1.3940258
-2.1864103
0.077033694
-1.8770114
-1.2725914
-1.158575
-3.074764
-3.1517493
-1.5206987
-2.7335867
-2.7805818
-1.8564312
-2.5086852
-2.4839074
-2.4494198
-2.7627845
-2.7436769
-2.7594631
-2.7295745
-2.6440759
-1.7051587
-1.8663597
-2.7177575
-2.7003363
-2.6880268
-2.6235845
-1.5386896
-1.5913506
-1.5383895
-1.7481155
-1.7189869
-1.4494126
-1.4700817
-1.4747143
-1.5086144
-1.6333643
-1.5095605
-1.4699215
-2.7012162
-2.6000552
-1.8295345
-1.8552415
-1.8856555
-1.4032351
-2.7839227
-2.9985003
-2.8995406
-2.9573861
-2.9522732
-2.8362895
-1.4728026
-1.5515355
-1.6562308
-1.7508688
-1.2593801
-1.2220119
-1.533545
-1.3869049
-1.4116231
-2.5189754
-1.5369274
-1.7690077
-1.5255362
-1.4720366
-1.5874668
-1.4139022
-1.4100407
-1.3855737
-1.4373164
-2.2396877
-2.2408842
-2.2723948
-2.3510322
-2.4724651
-2.4117699
-1.771489
-1.806012
-1.8605612
-1.89103
-1.7428926
-1.7486299
-1.7496172
-1.318811
-2.7754073
-2.7032221
-2.971966
-3.2422428
-3.3129052
-3.2283277
-3.1633808
-0.80396985
-0.73588084
-0.80550344
-1.8310434
-2.4758291
-2.7905951
-2.6708417
-1.5139733
-1.5861828
-1.5200928
-1.5171687
-1.8365449
-2.3083616
-2.2336476
-2.1482369
-1.9311367
-1.2819018
-2.0323129
-2.029673
-2.2246873
-2.2808287
-2.3434655
-2.6266169
-2.5621442
-2.4426857
-2.36488
-1.9049459
-2.6845171
-2.5853351
-2.6292346
-2.3552603
-2.4821099
-2.5604565
-2.5873225
-2.5219711
-2.5886774
-1.4812203
-1.4208674
-1.4783901
-1.5054132
-1.6979445
-1.6424963
-1.6860051
-1.6992235
-1.7993185
-1.7198475
-1.6802801
-1.4788326
-1.8991256
-1.7803079
-2.4278166
-2.5235886
-2.4337523
-2.3407385
-2.2954189
-1.9598384
-2.0154275
-2.3988211
-2.4252109
-2.3749531
-1.3020843
-1.2434018
-1.2498382
-1.2453149
-1.3744699
-1.3704138
-1.2965605
-1.2895644
-1.2943271
-2.0685767
-2.0673528
-1.8581825
-1.8037922
-1.7145826
-2.6146562
-2.521729
-2.3465536
-1.3085254
-1.6252464
-0.68502001
-0.77957308
-0.78829277
-2.2796479
-1.2368487
-1.1177448
-0.66346199
-0.80153653
-1.6155794
-1.7963542
-1.6159498
-1.3844465
-1.241035
-1.2650228
-1.4671261
-1.3887136
-1.2756438
-1.2505688
-2.1239261
-2.1122039
-2.8727275
-2.7304344
-2.7865442
-2.6677295
-2.5561871
-1.8402868
-1.8193148
-1.605759
-1.7358222
-1.8226132
-2.0798217
-2.7786547
-2.6866136
-2.8435344
-2.8469425
-2.8523526
-2.881744
-2.8927759
-2.5898932
-2.6385085
-2.0818949
-2.2085992
-2.52201
-2.3795923
-2.4079825
-2.3584033
-2.2037287
-1.6634171
-1.9495908
-1.7897929
-2.6451991
-2.3562441
-2.4039265
-2.2078214
-2.088876
-1.930487
-2.1836591
-1.7975947
-1.5880009
-1.9936764
-2.3951906
-2.6676442
-2.6974105
-2.6859666
-2.6477359
-2.6238221
-2.0527419
-1.6036016
-1.6559929
-1.8150245
-1.7586711
-1.7365675
-1.3766786
-1.3842097
-1.393996
-1.5027353
-1.4950681
-1.5015226
-1.5099509
-1.5586187
-1.558829
-1.4409885
-1.567945
-1.6863795
-1.4596082
-1.5050149
-1.6576553
-1.6453772
-1.8819692
-1.8321174
-1.9122179
-2.0883743
-0.30224528
-0.32228308
-1.7798424
-1.7699244
-1.8045772
-2.0196667
-1.9882979
-1.8108742
-1.9774294
-1.5996731
-1.6860876
-0.86885853
-1.9474728
-2.3153355
-2.3507143
-2.3626509
-2.1545125
-2.174815
-1.9295381
-1.8512591
-1.8512776
-1.8427167
-1.7462973
-2.3798442
-2.3998395
-2.3654375
-2.2410302
-1.8203036
-1.7625079
-1.5977083
-1.8658642
-1.3845663
-1.836067
-1.464237
-1.7429661
-2.2969557
-2.0949999
-2.061397
-2.9761183
-2.990527
-3.0040701
-2.9886533
-3.0185446
-2.9678381
-2.8936359
-2.6143654
-2.3928745
-2.3820554
-2.5096781
-2.7269012
-2.7037003
-2.641237
-2.5077108
-1.4034679
-1.5534791
-1.538021
-1.5052325
-1.5240493
-1.4323533
-1.5376528
-1.6286784
-1.6079363
-1.5743527
-1.5733435
-1.8782001
-1.9309434
-1.9955334
-1.9703858
-2.0774947
-1.4165975
-1.5383331
-1.5479071
-1.4623653
-1.3901939
-1.4754967
-1.2625299
-1.2712366
-1.5455562
-1.5126082
-1.4461709
-1.4520767
-3.0513733
-3.015623
-3.0484728
-2.6050704
-2.6626395
-2.5822391
-2.3953438
-2.1645104
-1.7894553
-1.5891237
-1.4265034
-1.4845525
-1.2883973
-1.2558692
-1.2574294
-1.3740052
-1.6752695
-2.4272479
-2.0628962
-1.9805452
-1.8584055
-1.7659985
-1.8288106
-1.9427604
-2.0210506
-2.7806413
-1.4857002
-1.5456129
-1.5925688
-1.8117607
-1.887764
-2.1414787
-2.3811608
-2.4828768
-2.5596024
-2.6917031
-2.1056883
-2.0866165
-2.0752742
-2.0544258
-1.7492696
-1.8263986
-1.9444611
-1.9551878
-1.8667084
-1.8174599
0.086942511
-0.23842412
-0.77196808
-0.6634742
-1.7268458
-1.647802
-1.4814649
-1.483229
-1.840054
-1.5521417
-1.7511403
-1.3742353
-2.9914961
-2.9160476
-3.0112615
-2.97452
-2.9209573
-2.7526574
-3.0354149
-3.145463
-3.0594279
-3.0899884
-3.2307442
-3.2307451
-3.030746
-2.9190327
-2.7488693
-2.6296764
-0.52560627
-0.58838009
-0.47967745
-0.76763215
-0.72599158
-0.86466506
-1.2106721
-1.3326241
-1.4207334
-1.4758383
-1.5865866
-1.7987897
-1.6601927
-1.9353095
-2.3230914
-2.277077
-3.2319006
-3.2333701
-3.0839543
-2.9467767
-2.3201437
-2.3746177
-1.9444158
-2.0003902
-1.991539
-1.8877621
-1.8397466
-1.7073125
-1.5436694
-1.5543909
-1.577541
-1.5953095
-1.6182937
-1.6841655
-1.6832516
-1.5019655
-1.5789569
-1.9613151
-1.914971
-2.0625568
-2.0087308
-2.0336785
-2.0569503
-2.0629959
-2.0860817
-2.1003176
-2.046409
-1.9781141
-1.8383751
-1.8635777
-1.8635777
0.29656564
0.41402633
0.11479408
0.071659687
0.093649097
-0.060807996
-0.36802027
-1.640571
-1.9178282
-2.1528823
-2.2225018
-2.4433927
-1.8471742
-2.1241639
-2.1839027
-2.373867
-2.3291814
-2.4476667
-2.4397633
-2.5869589
-2.7139678
-2.7134746
-2.647337
-2.3808926
-2.4019891
-2.4066406
-2.4141652
-2.4283611
-2.2266966
-2.0691679
-2.4001265
-2.3744768
-2.2243304
-2.0839868
-1.9608842
-2.5507877
-2.511908
-2.592422
-2.5562976
-2.4480611
-1.8852563
-2.0838834
-1.6611176
-1.7635641
-1.7583151
-1.7656274
-1.699023
-1.8044067
-1.4974381
-1.9494997
-1.8941485
-2.1224376
-1.266042
-1.2554884
-1.303959
-1.247189
-1.2362859
-1.2632909
-1.2868895
-1.3558017
-1.3095413
-2.0280464
-2.0101364
-2.4453518
-2.4536494
-2.24315
-1.4734832
-1.2688053
-1.3324846
-1.8782589
-1.9441494
-1.989398
-1.8698902
-1.4355145
-1.38835
-1.265343
-1.303142
-1.3354659
-1.3186502
-2.5326837
-2.8464993
-3.0080879
-1.5762772
-1.5914855
-2.3525699
-2.5074708
-2.576907
-2.7590967
-2.7810221
-2.8595414
-2.8913131
-2.0853277
-2.0956694
-1.9218943
-1.6545902
-2.1882135
-2.0527901
-1.9232261
-2.5949687
-2.6780332
-2.6419163
-2.1431465
-1.7771876
-2.564736
-2.6534983
-2.7147116
-2.7289802
-2.484277
-1.5294994
-1.5411973
-1.5175358
-1.5077019
-1.4991236
-1.5032911
-1.7000549
-1.4896033
-1.473327
-1.5422197
-1.6144626
-1.6897635
-1.7876599
-1.7299371
-0.88265895
-1.0174128
-1.5711479
-1.6432924
-1.6098269
-1.7679672
-2.1868784
-2.1878498
-2.1532128
-2.2520865
-2.539008
-2.4377254
-2.4703847
-2.3908017
-2.5311872
-2.1663016
-2.1611899
-2.2225395
-2.1890381
-2.131805
-1.7986112
-2.3822893
-2.1904371
-2.2788488
-2.3392158
-2.3549386
-2.9861439
-3.0555045
-3.0429628
-3.0962269
-3.0496407
-2.9292195
-3.0807733
-3.084547
-2.9930139
-2.9174336
-2.8577304
-2.7311145
-2.8325177
-2.8336744
-2.9290397
-2.8507409
-2.7693486
-1.5202696
-1.5143364
-1.5347784
-1.6175461
-1.6122794
-1.6440806
-1.662258
-1.8516152
-1.9265605
-1.4225404
-1.2796065
-1.9436685
-1.2842863
-1.5085699
-2.8355741
-2.5584721
-2.6363469
-2.1653402
-1.6720692
-1.5895219
-1.4836548
-1.5009226
-1.3450397
-1.3034633
-1.2858324
-1.3921542
-1.8016335
-2.1205216
-1.9219302
-2.124548
-2.11079
-2.1019451
-2.1953294
-2.324658
-2.3161323
-2.5039704
-2.6253385
-2.7060912
-2.775652
-1.7446442
-1.7539413
-1.7829822
-1.8160709
-1.8467735
-1.926215
-1.9328342
-1.972926
-2.0186054
-2.0191353
-1.6766262
-1.7999692
-1.6134932
0.17556618
-0.92979775
-1.6208063
-1.6991501
-1.7432514
-1.7205351
-1.6665881
-1.5544574
-1.5295195
-1.9699331
-1.9378089
-2.1290695
-2.6250632
-2.8113115
-2.9269136
-2.9683133
-3.1423527
-3.3420449
-3.3774402
-3.4106752
-3.3635251
-3.2524835
-0.39881299
-0.50505472
-0.52066729
-0.5940595
-1.0177913
-1.6314333
-1.7432825
-2.2560763
-2.1393789
-2.3852529
-2.5498916
-2.719212
-3.0251747
-3.0125985
-2.9742336
-2.9276064
-2.9052458
-1.8808996
-1.6687074
-1.7979628
-1.7335611
-1.8026483
-1.5360998
-1.6275041
-1.7269486
-1.7751539
-2.284499
-2.210086
-2.1586192
-1.9520524
-1.9108471
-1.8746811
-1.7546565
-0.29348818
-1.4127625
-1.6528223
-2.0293392
-2.0931459
-2.1358928
-1.8777755
-1.9953491
-2.0600951
-2.031344
-2.0946057
-2.1770579
-2.2669302
-2.3668278
-2.4465596
-2.3887021
-2.3278229
-2.3510716
-2.6981699
-2.3847501
-2.2915626
-2.2909214
-2.2265711
-2.1611406
-1.8431185
-2.6601983
-2.5948832
-2.7062391
-2.6895363
-2.6197853
-2.6730834
-2.704578
-2.753885
-2.7634451
-1.8458569
-1.9833801
-2.0222119
-1.9472833
-2.1763689
-1.3684528
-1.6031469
-1.5634559
-1.5026329
-1.4788542
-1.7764438
-1.764527
-1.7200447
-1.6412654
-1.7080686
-1.5107983
-1.4925981
-1.4670785
-1.6345369
-1.4534862
-2.7159028
-2.6470523
-2.5933595
-2.5340175
-2.4500065
-2.4143713
-2.3412275
-2.1408263
-1.9978188
-2.7795631
-2.8722355
-2.891889
-2.8870595
-2.6608731
-2.9302658
-2.8363337
-2.7168669
-2.8015316
-1.4350369
-1.2397345
-1.2610074
-1.4694946
-1.3535174
-1.3935068
-1.4090214
-1.2914476
-1.2780674
-1.3252357
-1.2997519
-1.2851024
-2.2039773
-1.8200672
-1.9862084
-1.9035582
-1.8853842
-1.7738631
-1.7028125
-1.6673619
-1.6054551
-1.6421609
-1.5894168
-1.5687063
-1.5470846
-2.55338
-2.5731216
-2.6164019
-2.4751098
-2.4061666
-2.5259244
-2.255299
-2.2493466
-1.6870128
-1.6979461
-1.6878917
-1.7144102
-1.7192398
-1.7103752
-1.7212627
-1.546784
-1.5875425
-1.5989792
-1.3240901
-0.66892336
-0.6118904
-0.56046727
-1.6737175
-1.4338549
-0.78294789
-1.2937375
-1.1074336
-0.89209079
-0.41790528
-1.2220716
-2.5313279
-2.5329717
-2.6396955
-2.6387882
-2.7774856
-2.7580806
-1.2462159
-1.1068142
-1.1505874
-0.96991963
-0.58035779
-0.94937178
-0.54359431
-1.0516281
-2.3171968
-2.2603055
-2.0940751
-2.1664817
-1.9892692
-1.6696844
-1.5424504
-1.7710012
-1.9136695
-1.7516707
-1.6775149
-1.5746013
-1.5565204
-1.5401266
-1.837192
-1.8704573
-1.8867164
-2.0823548
-2.1510043
-2.5146634
-2.473003
-2.6359609
-2.4205888
-2.3578242
-2.349789
-1.7781927
-1.833156
-1.7853086
-1.651894
-1.9028752
-2.0990089
-1.6595039
-1.7602919
-2.1209085
-2.5630466
-2.714454
-2.7693234
-2.8283238
-2.7877284
-2.8355131
-2.8561
-2.7899873
-2.8224282
-2.7854871
-2.2953086
-2.3884158
-2.4766335
-2.6417966
-2.8315636
-2.6334107
-2.7855878
-2.7388394
-2.5743157
-2.3600886
-2.4266971
-2.1841385
-2.0776203
-2.0004794
-1.9862952
-1.9645236
-1.7351593
-1.8098492
-1.5281337
-2.4828402
-2.5648716
-2.3273964
-2.1815769
-2.0497066
-2.1669869
-2.058397
-1.5798843
-1.3982433
-1.3694565
-1.8002833
-1.8249621
-1.9192316
-2.1476736
-2.2682958
-2.4822027
-1.9650506
-2.0737786
-2.4854854
-2.5835997
-2.1634207
-2.2860374
-2.1860407
-1.8519261
-2.1825403
-2.1175701
-2.0009975
-1.7438303
-1.8738409
-1.9648875
-1.5077381
-1.4272264
-1.4647204
-1.4909611
-1.6159019
-1.707335
-1.6732999
-1.6557102
-1.3529648
-1.5868233
-1.5591662
-1.4709405
-1.4417197
-1.3648766
-1.692797
-1.6843991
-1.606391
-1.2906568
-1.3209117
-1.3364438
-1.7424485
-1.8428635
-2.2177186
-2.11105
-2.2979148
-2.3341277
-2.2850859
-2.300143
-2.3018089
0.32041164
0.31459778
0.21586206
0.14852091
0.06090258
-0.065612988
-0.31278637
-0.45922507
-1.5944951
-1.7185124
-1.6841543
-1.3520745
-1.4316662
-1.7482532
-1.866321
-1.7875505
-1.6649719
-1.5434851
-1.5127241
-1.2107839
-1.1091228
-1.3561963
-1.908495
-2.0272803
-2.0600041
-2.2827832
-2.1030577
-2.0619516
-1.9702607
-1.9177782
-1.8055454
-2.1169912
-2.0552651
-1.9435351
-1.6880709
-1.56567
-1.6121206
-2.673698
-2.6076087
-2.4949519
-2.4603507
-2.3851391
-2.2672318
-2.1862543
-2.1618067
-1.9444551
-2.0769799
-2.0006239
-1.6623538
-1.4521308
-1.5437532
-0.58036448
-0.44221152
-0.97836688
-0.68238857
-0.55358307
-0.30389828
-0.10469106
-1.4690169
-2.0258464
-1.9779376
-1.4435776
-1.4629189
-1.617259
-1.50922
-1.5894689
-1.7414883
-2.8951675
-2.8583568
-2.8462405
-2.9515526
-2.7046604
-2.6163606
-2.5017123
-3.0547942
-2.8585753
-2.9130055
-2.5041806
-2.2203751
-1.9770365
-1.923866
-1.9703757
-2.0389237
-2.1456487
-2.0898686
-2.0785731
-2.1435631
-2.2380048
-2.2576446
-2.6186469
-2.54508
-2.5591344
-2.4879136
-2.4395946
-2.3242816
-2.3849752
-2.3188218
-2.3672305
-2.3145176
-1.0068556
-1.1849812
-1.372688
-1.5339761
-1.6054201
-1.5783243
-1.5787695
-1.6106941
-1.5649077
-1.5480387
-1.4728545
-1.4263373
-1.3517458
-1.3221198
-1.3682118
-1.6449608
-1.6057052
-1.5495132
-1.9531873
-1.9261049
-1.9111635
-1.9234399
-2.0093751
-2.0462415
-1.4404164
-1.5389797
-1.5475406
-1.2253314
-1.4939116
-1.2325811
-1.226453
-1.2171792
-1.2608056
-1.3314748
-1.343252
-1.5032857
-1.5240765
-1.5423345
-1.5138804
-1.4786038
-1.5126793
-1.5242693
-1.3458681
-1.3690344
-3.0403725
-3.14321
-3.1011174
-3.160676
-3.1673842
-3.1245902
-3.0173688
-2.9897635
-2.8672441
-2.9463641
-3.0400776
-3.0275028
-3.0190201
-2.768833
-2.6322239
-2.5968855
-2.2373549
-2.1453373
-2.0234501
-1.9045706
-2.1214851
-2.1011348
-2.05541
-2.064098
-1.4943259
-1.4027032
-1.6346019
-1.7519565
-1.9938013
-2.0036672
-2.0823866
-1.9437149
-1.5637135
-1.2757305
-1.6687723
-1.8922138
-1.7394713
-2.4921861
-2.0297731
-1.7284684
-1.7774894
-2.2974713
-2.5073947
-2.2780719
-2.3042342
-2.7609477
-2.9459032
-1.5091205
-1.7169785
-1.6368522
-1.5950174
-1.740892
-1.6503183
-1.8748728
-1.9307343
-1.9603724
-2.0810735
-2.188536
-2.8394935
-2.9514777
-2.1601078
-1.7160967
-1.8393056
-1.9459448
-2.0491389
-1.8989179
-1.8971104
-1.9869419
-1.9311487
-1.8482439
-1.7441979
-1.8246018
-1.7884675
-1.7151976
-1.6932089
0.48235977
-0.22297163
-0.8251011
-0.93101735
-1.5546521
-0.13507395
-0.026107013
-0.00034373184
0.071203193
0.14049251
-0.87835274
-0.70758472
-1.6428441
-1.6793808
-1.8037134
-1.7789274
-1.8389733
-1.828683
-1.7961995
-1.7906891
-1.8035521
-1.7601284
-1.7036407
-1.5541069
-1.6516364
-1.0775108
-0.99074983
-1.192126
-1.3872372
-1.1905989
-2.1916563
-2.7153419
-2.0148227
-1.6317032
-1.6803899
-1.5067182
-2.6300385
-2.8593907
-2.807089
-3.2804581
-3.2343209
-3.1531153
-3.2038204
-2.8362674
-2.5269499
-2.3908916
-2.70705
-2.2076379
-2.1492839
-0.6765155
-1.051551
-1.0825251
-1.1520972
-1.0838671
-1.3173733
-0.97804542
-0.47538866
-0.3686267
-0.95359818
-0.88924851
-1.4241325
-1.4733584
-1.6010396
-1.6083597
-1.6506139
-1.9768978
-1.8436051
-1.9344181
-2.0898178
-1.9308279
-3.1882377
-3.1111188
-3.0419651
-3.0943599
-3.001142
-2.8121863
-2.5141608
-2.5221191
-2.594595
-2.4592988
-2.7479711
-2.7065499
-2.64745
-2.0427454
-2.1708311
-2.2267186
-2.540371
-2.5569985
-2.5100933
-2.3133691
-2.2854011
-1.9135836
-1.8677849
-1.8351667
-1.8271898
-1.7661172
-1.6486659
-1.6480545
-1.6234526
-1.6353271
-1.6854146
-1.6893118
-1.7221665
-1.9782752
-1.49812
-1.5015507
-1.6721989
-1.664883
-1.7650816
-1.7397409
-1.7082523
-1.7069002
-1.7759968
-1.8283063
-1.9799794
-2.024981
-2.1646425
-1.8880288
-1.9160139
-2.0069315
-1.9952691
-1.9933377
-2.0646943
-2.1016115
-2.1514649
-2.2050409
-2.1691419
-2.1457928
-2.095356
-1.9656888
-1.9933804
-0.23966219
-0.6684449
-0.84151286
-1.2291873
-1.4474089
-2.1401191
-2.327143
-2.4749147
-2.5734299
-2.6672135
-2.7483496
-1.8357612
-1.9202562
-1.9597454
-1.9761736
-2.1479538
-2.2608307
-2.3785413
-2.455195
-2.5092413
-2.5844895
-3.0020591
-3.0565807
-2.8244786
-2.9911135
-2.9649335
-2.913539
-2.5560713
-2.7512795
-2.7809936
-2.697532
-2.7304604
-2.5526847
-2.4384835
-2.4789584
-2.4197163
-2.2142722
-2.1312693
-1.7340902
-2.8366145
-2.8630465
-2.2814351
-2.4684364
-1.4746385
-1.6989646
-1.7111524
-2.2136305
-2.2294129
-1.7806012
-1.6097033
-1.3070063
-1.3145936
-1.6439498
-1.4083271
-0.40186211
-0.25852725
-2.3411133
-2.1006156
-2.0596843
-2.1827851
-2.7106187
-1.4953936
-2.1922077
-2.041764
-2.9963102
-2.1906892
-1.6145259
-1.7021109
-1.7333846
-2.0829663
0.15377173
-1.5421113
-3.2519612
-0.4259622
-1.6718196
-2.528472
-2.5703399
-2.8486007
-2.8248093
-2.6694857
-1.9893176
-2.0011599
-2.0171853
-2.0059051
-1.975009
-1.7711606
-2.1873474
-2.4256551
-2.2854513
-2.2141491
-1.6079651
-1.9470967
-1.8259932
-1.3454372
-1.2922056
-2.6419415
-1.7960875
-2.7047048
-1.5372064
-1.6408583
-1.9459756
-2.5549686
-2.7096418
-3.0135081
-1.4283445
-2.1794795
-2.2841206
-2.3768786
-1.8631551
-1.8795887
-1.2947442
-1.1192763
-2.2410798
-1.9592913
-2.1409098
-2.2195922
-2.7075726
-1.7158271
-1.4667139
-2.6399591
-1.3886058
-2.3338412
-2.3785296
-1.3809724
-1.3271293
-1.5894467
-1.6273958
-1.6396443
-2.3098949
-0.62397812
-2.5470086
-2.5482041
-1.9037181
-1.715961
-2.6606914
-2.8833934
-2.1538435
-1.6989221
-2.0163141
-1.9713739
-1.7454761
-1.3412375
-2.3436635
-2.4192436
-2.1497886
-1.4725449
-1.7117523
-1.9851943
-0.036183798
-0.35443063
-0.35443063
-1.0056834
-1.8410867
-1.8127821
-1.7433822
-2.2984703
-2.0361551
-2.2660213
-0.36764551
-2.9540301
-2.940564
-2.5445817
-2.4613055
-2.5622163
-2.3425948
-1.4641354
-1.5029563
-3.0829042
-1.7297806
-1.4981906
-1.7453081
-1.7698607
-1.8216504
-1.7966579
-2.5586895
-2.9948541
-1.6637265
-1.687026
-1.8939695
-1.7618589
-1.9577171
-1.5914912
-2.567136
-2.5676122
-3.1657829
-2.4155994
-0.35320538
-0.60189338
-2.0963558
-2.3064437
-3.2149832
-3.0993487
-2.9659987
-3.2124214
-1.9324342
-2.182499
-2.263931
-1.581874
-1.7820527
-1.7389449
-1.8373142
-1.824432
-2.0221848
-2.037817
-2.1349923
-2.1037889
-2.0798982
-2.0445373
-1.9093146
-1.9152138
0.36396151
-0.35897417
-2.4738826
-1.9975659
-2.7602563
-2.2261929
-2.2300093
-1.810093
-1.7836886
-2.8604578
-1.8720923
-2.6800088
-2.6297612
-2.581716
-1.5880407
-1.4312701
-1.4501227
-1.4916274
-1.5728475
-2.7903857
-2.7214507
-2.6936619
-2.6123481
-1.473939
-2.8181545
-2.3969024
-2.4569057
-1.6521453
-2.8664702
-3.2197621
-2.7250508
-2.6805992
-2.2523562
-2.2107822
-2.0054246
-2.2319437
-2.6204007
-2.6664342
-1.666177
-1.7221754
-1.6844511
-1.3739737
-1.3548814
-1.5517819
-1.7658979
-1.5872148
-2.8012198
-2.7699158
-1.604164
-2.8752216
-2.8902072
-2.0964924
-1.9364442
-2.6579155
-2.3240984
-1.5113049
-1.4965242
-1.5627859
-1.6556975
-0.95425758
-2.2331824
-2.1891844
-2.1391601
-2.1416612
-2.3446143
-1.6226585
-1.988356
-1.5334509
-3.051224
-2.4499913
-2.7018295
-1.4584244
-1.5697651
-1.5894608
-1.5755995
-2.0028739
-1.479622
-2.5272513
-1.4741645
-2.2570171
-1.9874932
-1.9045484
-1.5947913
-1.8258734
-2.5547055
-2.1022573
-1.8937262
0.4467904
-3.0611495
-2.9726816
-3.1145351
-3.2237246
-3.3594971
-3.0932165
-0.51552938
-1.2405335
-1.3317018
-2.300173
-3.1901273
-3.2385038
-2.6805757
-2.337595
-2.3258596
-1.6543676
-1.5241245
-1.5597911
-1.9504527
-2.0841117
-2.1554847
-2.0868366
-2.222018
-1.6458324
-1.5875121
-1.6969212
-1.7050724
-1.5849771
-1.9004295
-2.0291134
-1.2983853
-2.1067739
-2.0600284
-0.53470484
-1.5347837
-2.7714223
-2.975935
-2.603771
-2.7194559
-2.8072065
-2.823008
-2.8702747
-1.9128193
-2.1919372
-2.2017901
-2.7012157
-1.4932944
-1.5734961
-1.5250587
-1.5102577
-1.4886049
-1.4925202
-1.7212393
-0.50650366
-1.2551115
-1.5259026
-1.6929149
-1.6480259
-2.5799263
-2.2634632
-2.1952732
-2.0720093
-0.68545578
-2.3341316
-3.0557397
-3.0721364
-3.0622178
-2.9056108
-1.2457141
-1.4027618
-2.7738965
-2.6469793
-2.3450475
-1.3911531
-2.2129287
-1.5663401
-1.5770463
-1.791809
-1.835046
-1.8359856
-2.0385389
-2.8646555
-3.331373
-3.2575254
-1.2125555
-1.5034912
-2.3751615
-2.4122084
-3.0185104
-2.9785625
-2.8780345
-2.9832517
-2.9209713
-1.7879413
-1.5798246
-2.1500842
-2.1369001
-2.1324765
-2.1436886
-2.0597197
-0.42133716
-1.4203487
-1.9580003
-1.9317193
-1.8121629
-1.7911101
-2.0912492
-2.3029417
-2.600485
-2.26783
-2.6155214
-2.6020308
-2.5606346
-2.6426478
-2.0657954
-2.6574178
-1.7294664
-1.7434926
-1.4571253
-1.8470212
-2.6439232
-2.3948631
-2.7400324
-2.8228624
-2.7691227
-1.3546887
-1.6188039
-2.5771707
-2.6052766
-2.5054179
-2.4953692
-1.4621197
-1.6237548
-1.7238362
-1.50788
-1.4760597
-0.47497714
-1.6088316
-1.2437517
-1.1311707
-2.3534421
-2.3474869
-2.6911108
-0.63350988
-1.8422422
-1.6377194
-1.739883
-1.631848
-1.450072
-2.5255332
-2.4383554
-1.7524361
-2.1494966
-2.8044698
-2.8568236
-2.804876
-2.8457398
-2.8000065
-2.6228564
-2.4883414
-2.7403676
-2.719634
-2.7263005
-2.1536927
-1.9233722
-1.9478224
-1.9146311
-1.9351094
-1.7827832
-2.5427232
-2.1278543
-2.1302256
-2.3165279
-2.1856437
-2.256281
-2.2585983
-1.369317
-1.6943832
-1.5469102
-2.199863
-2.2948657
-2.5729998
-2.5928128
-2.6217014
-2.1119975
-2.0216104
-1.3835393
-1.4998143
-1.4054841
-1.7207512
-1.5969945
-1.391437
-1.3798698
-1.3285836
-2.1835016
-2.0821445
-1.6812356
-1.6854376
-1.8317091
-1.8580873
-1.3531309
-1.3420677
-0.59546642
-2.2614696
-2.1598853
-2.3599066
-2.196095
-1.9104353
-2.2183703
-2.7003519
-2.5711576
-2.4694474
-2.3930528
-2.4429459
-2.3135082
-2.1296511
-1.4957928
-1.5444321
-0.67749973
-0.25196909
-1.5254638
-1.4725018
-1.5072453
-2.1564492
-2.8816507
-2.9831684
-2.6550306
-2.5853183
-3.0756195
-3.072849
-2.3158887
-1.8531464
-1.412728
-1.2409584
-1.3171837
-1.3510003
-1.4268863
-1.4604706
-1.3946403
-1.6600824
-1.7512393
-1.886691
-1.6108466
-1.587857
-1.767307
-1.4714589
-1.5080761
-1.4700281
-1.4153837
-3.144586
-2.6707817
-2.7544525
-1.484357
-1.8815614
-1.8655715
-1.8605553
-1.9192508
-1.2524671
-1.2684933
-1.2636342
-1.6203407
-1.8071033
-2.387669
-2.750571
-2.859372
-3.0102633
-1.6564936
-1.5954627
-1.7255236
-1.6529106
-1.9288126
-1.9545607
-2.0362734
-2.216428
-2.2715253
-2.1129858
-1.8360433
-1.6462043
-1.7655629
-1.82087
-2.0471463
-1.7957227
-1.4189418
-1.7923017
-1.8175706
-1.1734694
-1.0957571
-2.0499775
-2.6526354
-2.0761
-3.1904723
-2.8808585
-3.3398991
-2.5307192
-0.80105702
-0.73203474
-1.6148847
-0.42564384
-1.2191434
-1.4239766
-1.6252447
-1.8944085
-1.9029132
-1.8679424
-2.1726841
-2.1726841
-3.0989404
-3.0901445
-3.0920992
-3.0510393
-2.4129855
-2.442884
-2.6881576
-2.6999729
-2.6342378
-2.0157839
-2.3432808
-2.4914292
-1.9013294
-1.7147391
-1.59752
-1.8628951
-2.141568
-1.8744506
-1.9926206
-2.0822457
-2.1350924
-1.9514831
-0.017564864
-0.66903326
-0.41987086
-0.44777741
-1.3637056
-2.2183546
-2.5273542
-2.0262542
-2.4646125
-2.8182158
-2.8452675
-2.9285985
-2.5104789
-2.822653
-2.8068075
-2.8620112
-2.5796234
-2.6494444
-2.3553158
-2.3019276
-1.715495
-1.7795728
-2.7369922
-1.8002905
-1.6787871
-1.3421548
-2.7746896
-2.8182616
-2.4863688
-3.0841258
-3.0339405
-1.0186304
-1.8553846
-2.4109819
-2.4423153
-1.6301516
-1.1993444
-1.286868
-1.2771749
-2.8476077
-2.9000405
-2.9107595
-2.8889417
-2.5225003
-2.5897073
-1.846537
-1.5913108
-2.2973833
-3.01329
-1.314886
-1.9936054
-1.5572673
-3.1618558
-2.8301697
-1.470373
-2.4602602
-2.4719053
-2.7021499
-1.996476
-2.3165765
-2.3568965
-1.9265776
-1.7367577
-1.5993634
-1.2826851
-2.245554
-2.7005264
-1.5163608
-1.620168
-1.5834851
-1.419266
-2.5960136
-2.5848908
-2.2993805
-2.9446506
-3.0054682
-2.9718994
-2.7783224
-2.7276429
-2.6965117
-2.4387036
-2.2478938
-2.566802
-2.6317757
-2.7063206
-1.7526325
-2.0423289
-1.9234608
-1.8563711
-2.3514794
-3.1138733
-3.4236077
-3.2641619
-0.96542452
-2.1948033
-1.9229874
-2.7328054
-1.6634935
-1.6051652
-1.7912585
-1.7761028
-2.3469267
-2.7065856
-2.7343019
-1.5548556
-2.2926656
-2.3532017
-1.8989688
-2.2081151
-1.8795507
-2.6719714
-2.8632193
-2.7728227
-2.6231472
-2.648634
-2.5498726
-2.5263016
-1.5381765
-1.5671855
-1.5160291
-1.4216619
0.13283436
-2.0414408
-2.1964829
-2.1158342
-2.0519056
-2.3105946
-1.7766228
-1.9443476
-1.3456551
-1.6293125
-1.656986
-2.1875821
-1.9395572
-2.9210311
-2.5168827
-1.4050414
-1.4759587
-1.7484898
-2.7065133
-2.8534916
-2.8336002
-1.6885846
-2.4369296
-3.0311328
-1.6354946
-1.6637033
-2.0055083
-2.3918127
-2.0160804
-0.27072412
-0.17547291
-1.1437548
-1.7548719
-0.98706198
-1.0304061
-2.4294242
-2.7752372
-2.2136244
-2.1032983
-2.1439367
-2.2043413
-3.3822653
-2.6275501
-1.4988877
-2.0241534
-1.8381575
-1.8861307
-1.6044181
-1.6639753
-1.7376929
-1.648481
-1.7147272
-1.9323848
-2.1080576
-2.1234522
-2.043636
-1.8133614
-0.59729376
-2.5157403
-2.5535047
-1.6919758
-1.3978459
-2.7319901
-1.865976
-1.7423589
-2.5740952
-1.4173291
-1.4368317
-2.2806819
-3.1864798
-2.2859656
-1.9573785
-2.0560415
-2.2466008
-1.8443389
-1.7951219
-1.8760469
-1.8494358
-2.3568051
-1.9562849
-2.072248
-1.2554449
-1.1810105
-0.82228951
-1.3670991
-1.3759792
-1.4277395
-2.300406
-2.7334312
-1.6736604
-1.6912282
-1.9597686
-1.7799071
-2.1072323
-1.7042794
-1.3850272
-1.4955892
-1.864741
-2.6732461
-1.7650384
-1.5192145
-1.5385728
-1.6730578
-1.69133
-2.148805
-0.2698928
-2.0314191
-2.109893
-1.9404142
-1.8082347
-3.0091197
-3.0341706
-2.2718716
-2.3613188
-2.3874874
-2.4400791
-2.7739636
-2.6126587
-2.5436251
-1.5098918
-1.5331388
-1.6161077
-1.9282829
-1.6315866
-2.090614
-1.6975319
-1.8137515
-1.8174606
-1.8697562
-2.4291763
-2.0964817
-2.0920355
-0.67041964
-1.7269921
-1.1376602
-2.85473
-2.6483683
-3.1844561
-2.9944099
-2.9237902
-2.6656785
-0.81679124
-1.6714586
-1.9133729
-1.6433174
-1.6505074
-2.0042664
-2.1280552
-1.7978341
-1.991963
-2.2028028
-2.1599094
-2.2027033
-2.7152433
-2.3382083
-2.4412954
-2.1544763
-1.9650352
-2.0694649
-2.1494257
-1.3776574
-1.496027
-2.0046594
-0.31955648
-1.3244308
-1.3006701
-1.6246436
-2.0362696
-1.5880259
-1.5202652
-1.4787392
-1.54767
-1.0623363
-2.1811856
-2.2469847
-1.9364491
-2.2326386
-2.3623811
-3.0825647
-3.0984823
-3.0707784
-3.0832638
-2.7638185
-2.8078788
-2.8128012
-2.6802599
-1.5549267
-2.6523259
-2.6843075
-2.3444136
-2.7140339
-1.9584465
-1.7838049
-0.65516266
-0.70888146
-2.4239109
-3.0150833
-0.52899338
-2.0083984
-2.1972299
-2.5792241
-3.0749684
-2.0676812
-2.1461645
-2.7959933
-2.6386483
-1.4143019
-1.7671147
-2.8618992
-2.9036138
-2.674284
-2.7382595
-2.8145713
-1.4093304
-1.7231593
-1.6927746
-1.7299003
-1.3573189
-1.5088924
-1.2917194
-2.2214867
-1.856046
-1.9261685
-2.4629276
-2.5882586
-2.5698479
-2.2710538
-2.6085132
-2.8537693
-2.8579206
-2.6777028
-2.8486518
-2.8450856
-2.8279408
-2.8318181
-2.8179891
-2.5807155
-2.5256758
-1.789397
-1.7260482
-1.9145442
-1.4566879
-1.687963
-2.0840099
-2.0531988
-2.5898966
-2.5922016
-2.2988698
-1.7442762
-1.8112112
-1.5197916
-1.4109548
-1.6653858
-1.7214005
-1.5980621
-1.4511502
-1.5472122
-1.759148
-2.0203858
-2.0664557
-0.006836232
-1.7629284
-2.3674931
-2.2413255
-2.0827171
-1.8377921
-1.7704899
-1.0420877
-0.6233497
-0.14813969
-1.3862482
-1.6946216
-1.4015189
-1.4406186
-1.4749272
-2.5201102
-2.2096298
-2.1793873
-1.9608246
-1.1971632
-1.4091561
-1.2929399
-1.5932036
-1.5641564
-1.5258613
-3.0284096
-1.4474087
-1.7348877
-1.4274333
-1.598296
-2.2390197
-2.2648473
-2.5222623
-3.0145211
-1.5054295
-1.9419923
-2.8404921
-2.0404457
-2.040609
-1.9869389
-2.0637798
-1.9697029
-1.964628
-0.72954514
-1.8040605
-1.9222786
-1.7081404
-0.93906117
-3.4001411
-0.93209035
-0.91174446
-1.284546
-1.6397608
-1.8954956
-3.2212095
-2.8555419
-2.7713498
-2.6263827
-2.7457111
-2.2881471
-2.4385349
-1.4879462
-1.6404419
-1.7249129
-2.1320296
-2.0146704
-2.0706652
-2.2394623
-1.9549799
-1.9237278
-2.0462901
-2.0366334
-2.3641686
-2.4318225
-1.8623821
-2.5255904
-2.9129614
-2.9815178
-2.8046834
-2.5228235
-4.8229675
-4.8198477
-4.8386363
-4.8790404
-4.8579146
-4.4616517
-4.5600452
-4.6428748
-4.7129536
-4.8104713
-4.7593281
-4.5872783
-4.790312
-4.8808776
-4.8600475
-4.4837879
-4.6787201
-4.6044724
-4.7407113
-4.8445404
-4.7580514
-4.8108914
-4.8838032
-4.8182614
-4.9279258
-4.9393748
-4.9386151
-4.4831273
-4.5922936
-4.9383838
-5.0052464
-4.4124354
-4.4148759
-4.491263
-4.5352563
-4.5616782
-4.5700231
-4.6419852
-4.7548817
-4.8980516
-4.8141195
-4.7651793
-4.8697831
-4.8787078
-4.9703547
-4.9729577
-4.9766171
-4.4156379
-4.366297
-4.4915083
-4.5679075
-4.6467642
-4.6979236
-4.6647463
-4.755886
-4.984165
-4.9069438
-5.0308739
-5.0370169
-4.3610145
-4.5020755
-4.6559546
-4.7172798
-4.7238065
-4.9678551
-4.9702991
-4.9926273
-4.3693316
-4.4955319
-4.5236001
-4.5833458
-4.5963627
-4.821648
-4.8256001
-4.9308102
-4.8103334
-4.8609325
-4.9137763
-5.0613342
-5.0359614
-5.0737862
-4.4170964
-4.4819867
-4.6903816
-5.0049485
-4.2491258
-4.3102071
-4.3597446
-4.593093
-4.8473309
-4.8778301
-4.9779348
-4.9216399
-4.9057839
-5.0128139
-4.9970355
-5.0405239
-5.1061387
-4.2219334
-4.1749551
-4.3599075
-4.2705305
-4.2405969
-4.490466
-4.6666846
-4.7441006
-4.7329525
-4.7822189
-4.8411225
-5.0261298
-5.0733931
-5.0169811
-5.0355592
-5.0772119
-5.1042024
-4.2776636
-4.2921828
-4.5130629
-4.7171473
0
0
-4.9177221
-2.2830598
-2.2830598
-4.9843701
-5.0945095
-4.2289019
-4.1770417
-4.3175851
-4.469584
-4.4067904
0
-4.5601553
-4.6262297
-2.2829442
-4.8916845
-4.9098503
-4.9581925
-5.121702
-5.0897465
-5.1445165
-5.1144439
-4.3863757
-4.6432661
-2.2830348
-4.7822393
-4.7706582
-4.8600043
-4.8273945
-2.2831374
-4.98446
-4.9788856
-5.0321531
-5.0653179
-4.0350547
-4.0888339
-4.203569
-4.1619058
-4.1480332
-4.1801403
-4.2027834
-4.1943086
-4.4216768
-4.4715689
-4.7590514
-4.7682948
-4.9305355
-4.9903697
-5.0687459
0
-5.0622163
-5.1139745
-5.1127864
-4.08995
-4.1393589
-4.1481066
-4.1551151
-4.5916362
-5.0758302
-5.1300793
-5.1033441
-5.1230716
-4.2751318
-4.5792752
-4.6823421
-2.2829333
-4.8145704
-2.283369
-5.0160853
-4.9595699
-5.0025543
-4.9978929
-5.0507497
-5.1640899
-5.1659947
-5.1554092
-5.1739924
-5.1801024
-4.4043217
-4.3399873
-4.4883416
-4.530258
-4.8569761
-4.9724083
-5.1190475
-5.1361971
-3.9371433
-3.9872029
-4.125886
-4.1614406
-4.7651512
-2.2829442
-4.8558441
-4.8849477
-4.9484139
-5.0400009
-5.186497
-3.9661853
-4.0436304
-4.0346638
-4.0731801
-4.1826132
-4.5314309
-4.6702575
-4.8296163
-5.0015949
-5.1143999
-5.0489572
-4.4123078
-4.2661576
-4.490659
-4.631117
-4.6984238
-2.2836658
-5.1130025
-5.1487172
-5.0505091
-3.9121552
-4.1371609
-4.3266661
-4.4627754
-2.2832492
-2.2837072
-5.1695584
-5.1875114
-5.1683714
-5.2025257
-5.1704961
-5.1759814
-3.8873722
-3.9193356
-3.9145978
-3.9051576
-4.7286609
-4.8641435
-4.8942178
-4.95673
-5.2032507
-5.1957563
-5.19991
-5.202931
-3.8576898
-3.8786041
-3.89931
-3.9494807
-4.1318399
-4.08638
-4.1778442
-4.2463597
-4.7943128
-5.0243838
-5.1044524
-3.954853
-3.9750857
-4.0211139
-4.059032
0
-4.4189978
-4.3336213
-4.5609394
-4.4833852
-4.6586622
-5.178591
-5.2151153
-5.1986594
-3.8411951
-3.851691
-2.2837863
-5.197368
-3.9110621
-2.2838085
0
-5.1820168
-5.0692106
-5.2021339
-5.2220558
-5.1996325
-5.2199828
-5.2217326
-5.2253513
-5.2324482
-3.9342213
-3.961294
-4.1392484
-4.1849595
-4.2374463
-4.2474017
-4.7359373
-4.8144519
-4.8985017
-4.9510511
-5.0256558
-5.1944612
-5.1710808
-5.2171852
-5.239763
-5.2312577
-5.2374647
-3.8648682
-3.8889066
-3.9087109
-4.0377774
-3.9954044
-4.0835915
-4.4630118
-4.3060344
-4.5362452
-4.6393953
-5.2000009
-5.2098699
-5.2301704
-3.840941
-3.8650965
-4.390899
-4.3544961
-4.4131395
-5.2233576
-5.2645912
-5.2147877
-5.2086981
-5.2551701
-5.2348327
-3.8341418
-3.8377355
-3.8359502
0
-5.165883
-5.1828803
-5.2032527
-5.1843537
-5.2058116
-5.2344441
-5.2278375
-5.2228349
-5.2168693
-5.2452321
-5.2259316
0
-3.8315286
-4.2974449
-5.1647468
-5.1923593
-5.2543207
-5.2657579
-5.2429769
-5.228642
-3.9444339
-3.9176259
-3.9782899
-3.9940755
-4.0400446
-4.1000104
-4.2208096
-4.1539323
-4.3069609
-4.7531242
-4.854117
-4.9939018
-5.0480599
-5.1109982
-5.0758967
-5.2106873
-3.8669107
-3.8908233
-4.5037322
-4.3724299
-4.6518441
-4.6958336
-5.1823348
0
-5.263343
-5.2914926
-3.8365397
-3.8447104
-3.852854
-3.8538063
0.6492516
0
0
0.64925159
-5.1952742
-5.2037517
-5.2824936
-5.2824936
-5.2917977
-5.2602261
-5.240027
-5.2916603
-5.2090007
-4.0071369
-4.0393695
-4.2372612
-4.3481056
-4.3630355
-4.4530668
-4.4535106
-4.7166213
0.6492516
-4.9335309
-5.1384625
-5.1660072
-5.1850429
-5.192985
-5.2183622
-3.9715436
-4.0923672
-4.17115
-4.180582
-4.6101859
-4.6684364
-4.7401284
0.64925159
-4.8189769
0.6492516
-4.9615464
-4.8607842
-5.008781
0.64925159
-5.1447161
-5.0851626
-5.1537618
-5.2060202
-5.1864772
-3.8456177
-3.9080187
-3.9370157
-4.7960648
0
-5.1036874
0.64925159
-5.2749536
-5.3161453
-5.31168
-3.8791337
-3.8778153
-4.5420413
0
0.64925159
-5.3114955
-5.3211673
-5.3130811
-5.2990937
-5.3087415
-3.8646284
-3.8551335
-5.1786787
-5.2779899
-5.2378941
-4.0666032
-4.1476646
-4.2248045
-4.2819028
-4.3445944
-4.4487099
-4.4974834
-4.4807074
0.64925159
-4.9952116
-5.0870311
-5.2661208
-5.1109516
-5.1620767
-5.1793684
-5.1781673
-5.2038809
-3.8946168
-3.9964016
-4.6999598
-4.6186415
-4.6616123
-4.5423131
-4.7729368
-4.8486046
-5.0417323
-5.2497927
-5.3150184
-5.3204542
-5.3495074
-3.8836833
-3.9131259
-3.905093
-3.9399949
-3.9723195
0
0.64925159
-4.9866644
-4.9297732
-4.8879246
-4.9027417
-4.8539249
-5.2598305
-4.8366303
-5.1106943
-5.3496397
-5.2843193
-3.9055771
-3.9467443
-3.9421798
-4.1515887
-3.9801592
-4.531938
-4.9431155
-4.9630315
-5.0387464
-5.0692598
-5.0176721
-5.3227728
-5.3089872
-5.2247512
-4.2428303
-4.2292729
-4.3121035
-4.4208567
-4.500004
-4.7895991
-5.0939969
-5.1735586
-4.0580689
-4.1068245
-4.1614091
-4.4570709
-4.7358115
-4.540303
-4.538346
0
-4.7510804
-5.0037993
-5.1399318
-3.9898303
-4.0038152
-3.9837193
-4.745866
-4.8080162
-4.7584692
-4.550458
-5.3129392
0
-5.3524602
-4.8115652
0
-5.3430569
-5.3717492
-5.3521495
-5.3737663
-5.3738763
-5.3484972
-5.3096849
-3.9603263
-3.967883
-3.9757529
-4.7566923
-4.7764311
-5.3782227
-5.3962537
-4.54998
-4.4384191
-5.2428994
-5.1568067
-4.6590308
-5.1186279
-5.3090666
-5.2358782
-5.180103
-4.0383756
-4.0188478
-3.9861668
-3.9851629
-4.435676
-4.4510139
-4.4822859
-4.4893618
-4.5097164
-4.4949368
-4.4701492
-5.3897461
-5.1398551
-4.1507678
-4.1715116
-4.2603289
-4.0003855
-4.3329091
-4.3547235
-4.5542527
-4.6044425
-4.6303128
-5.3986256
-5.3268996
-4.3660496
-4.0544536
-4.2913968
-4.3603397
-4.3778966
-5.3969957
0
-4.347214
-5.360072
-4.3804918
-5.3753239
-4.6428134
-4.4168452
-5.3931937
-5.381622
-4.1067526
-4.2897085
-4.1600202
-4.369544
-4.474074
-4.3970371
-4.3540458
-4.4409549
-4.4979958
-4.5528355
-4.4949295
-4.3655828
-4.3336722
-4.5383448
-4.4245247
-4.6050872
-4.6062302
-4.3677305
-4.6283993
-4.6331326
-4.6364262
-4.6416642
-4.4471416
-4.453336
-4.6234473
-4.5903424
-4.3865016
-4.4331963
-4.5203676
-4.4792255
-4.4932635
-4.5149892
-4.5149892
-4.2690238
-4.2794697
-4.2528055
0
-4.480996
