-2.0989068
-1.6916087
-2.2192045
-2.0337007
-1.6746161
-1.9929956
-3.278642
-1.5685729
-0.30041172
-2.0887025
-1.3388933
-2.4072515
-2.8791919
-2.8856492
-2.1167228
-2.39608
-1.4198104
-2.0570175
-2.3804869
-1.7864353
-1.7780416
-1.6896689
-1.6280279
-0.79877489
-2.9409019
-1.3674253
-1.9322199
-1.5786775
-1.2146138
-1.6189039
-2.5927307
-2.6621689
-2.0808051
-1.6866857
-1.6864814
-1.8040414
-1.7464498
-1.4389232
-1.3840056
-1.7771976
-3.1836064
-1.555435
-2.2996249
-2.2447747
-2.7077831
-2.6733978
-2.2236773
-2.5324971
-2.6479677
-2.1007447
-2.0294475
-2.4655796
-2.4805082
-1.8512459
-1.831189
-1.8113159
-1.8435056
-2.0325639
-1.857095
-1.746889
-2.3940592
-2.3379783
-2.456919
-3.0257692
-1.5152788
-1.6732252
-1.6454951
-1.7376536
-1.459603
-1.4985059
-2.1788698
-1.8715694
-1.6501044
-2.4036206
-2.4196121
-1.6621278
-1.7679804
-1.8280623
-1.6709052
-1.7336062
-1.8844753
-0.72141821
-1.8219056
-0.82980522
-1.4601023
-1.6596097
-1.2953493
-1.5321711
-0.86837099
-0.94903064
-1.5900101
-1.4929711
-1.5626524
-2.0786822
-1.1614195
-2.5894221
-2.3814502
-3.0994715
-1.6704244
-1.9458962
-1.7585512
-2.4542876
-2.4197752
-2.937965
-2.4485618
-2.0718964
-1.9640614
-1.3191149
-1.5003207
-1.5626552
-2.1480156
-1.887897
-1.9647243
-2.1140095
-2.1528589
-2.4553274
-2.0281322
-1.9977721
-1.8367686
-1.7668824
-1.7840091
-1.7282833
-1.6787718
-1.8514314
-2.1019538
-1.0411631
-0.4595269
-1.3011179
-2.0206236
-2.6020764
-1.9783989
-2.2567411
-1.4232702
-2.5200071
-2.8565024
-2.3286008
-1.4912205
-0.973676
-0.99401319
-0.86200603
-1.6085525
-1.7665291
-1.4595039
-1.5529136
-1.4522366
-3.1690917
-3.2185973
-2.4030347
-1.5636459
-1.9988144
-2.6496365
-2.76105
-1.5328282
-1.638389
-1.6322902
-1.5884768
-2.0048838
-1.8665305
-1.7107339
-1.5521652
-0.35608106
-0.1794992
-0.98974694
-2.0591706
-3.3385325
-2.6541531
-3.1050821
-0.61744666
-1.2180049
-1.4755133
-1.494537
-1.8225625
-3.0361863
-1.9931197
-1.9773287
-2.0321022
-2.146902
-2.422746
-2.1628061
-2.6035687
-2.3990351
-2.3767365
-2.2302928
-2.4397822
-2.4934598
-2.189829
-2.3553126
-2.3374193
-2.0399053
-1.9347658
-2.0645802
-2.0415902
-1.9073599
-1.8806849
-2.2381542
-2.203494
-2.4733762
-2.2892285
-2.4248742
-1.5078477
-1.4878731
-1.6049982
-1.920079
-1.7699524
-1.5457544
-2.1979485
-1.9563311
-1.6526836
-2.2890381
-2.3004871
-1.6878253
-1.7154404
-1.7161165
-1.6599554
-1.644136
-2.0995959
-1.6017713
-2.1263737
-0.56276031
-0.84106977
-0.8947751
-0.37226915
-1.9373698
-1.9269776
-1.4419314
-1.8829761
-1.4336473
-1.4002918
-1.5047152
-1.1874277
-2.9716609
-2.8854914
-3.3024092
-1.6019215
-1.6646082
-1.61269
-2.7263601
-2.8538596
-2.9458234
-2.3300847
-2.5765288
-2.3358569
-2.2762109
-2.1211688
-2.1042572
-1.6409485
-2.2984001
-2.7633053
-2.2964619
-2.5711779
-2.2027785
-1.9124369
-1.9771677
-2.1298129
-2.5258535
-2.5156306
-2.3777205
-2.1361815
-1.9041177
-1.9245025
-1.7918753
-1.8591098
-1.8675112
-1.8066849
-1.8332738
-1.7803545
-1.9146551
-1.8275096
-1.7657445
-1.7622648
-1.7632649
-1.8465927
-1.9782879
-1.3150412
-1.2265392
-1.5954452
-1.7409752
-1.9480132
-1.8636772
-2.0850254
-1.8796852
-1.7979009
-1.827205
-2.8028963
-2.3278216
-2.5716965
-1.9380354
-1.9304989
-1.6145662
-1.1016717
-1.2988091
-2.8392364
-2.4067221
-2.726463
-3.036628
-3.0912128
-3.1108506
-2.9440628
-1.5718691
-1.5227519
-1.6149262
-1.6640253
0
-1.7590761
-1.8511162
-1.9997871
-2.0941137
-1.2757879
-1.3774912
-1.2661253
-1.4679507
-1.5126929
-1.4730799
-1.5275614
-1.5499559
-2.9392366
-2.9104323
-2.5941488
-1.7337011
-1.6940666
-1.5220665
-1.4855265
-1.5193773
-2.1990871
-1.998744
-2.2667575
-2.5019765
-2.3491536
-2.6691684
-2.9811155
-1.5755688
-1.5270399
-1.5236402
-1.5282738
-1.6001458
-1.9052871
-1.8081862
-2.1131871
-2.3781827
-2.3262535
-1.9229086
-1.9490089
-1.8780108
-1.7109906
-1.7728277
-1.7619069
-1.6872105
-1.6192112
-0.64458671
-0.15995796
-0.40689506
-0.32529457
-1.1314346
-0.87811105
-1.0781156
-1.4071712
-1.4465167
-1.7259801
-1.6255077
-1.673469
-1.6059412
-2.8565529
-3.0358146
-3.4746322
-3.3315742
-3.243702
-0.99338674
-0.6259051
-0.76336115
-0.72196558
-0.7373573
-1.0380938
-0.89175457
-1.6524219
-2.2596924
-2.5601027
-2.9916393
-3.2619253
-2.8604802
-1.7934806
-2.1365267
-2.2257598
-1.7481166
-1.7212615
-1.5766781
-1.6824375
-1.7730984
-1.9690191
-2.5321201
-2.1814086
-2.1716503
-2.0970692
-2.0875489
-1.0938149
-1.4550721
-1.7835412
-2.0509532
-2.1496869
-2.3560508
-2.5522772
-2.3766555
-2.8162821
-2.8781299
-2.6231636
-2.395579
-2.0848173
-2.5740958
-2.4958678
-2.6366061
-2.737696
-2.0615773
-2.1166105
-2.2761928
-2.2614079
-2.1243383
-1.7622522
-1.7608935
-1.7797808
-1.8993104
-1.9535955
-1.9268128
-1.8211506
-1.9632775
-1.8805126
-1.9494518
-1.7541834
-1.707215
-2.6886464
-2.6122921
-2.4405158
-2.1531389
-2.7933085
-2.912029
-2.7419958
-2.721621
-1.5318455
-1.6174773
-1.5328767
-1.5142851
-1.7854119
-1.6216287
-1.4564597
-1.5642214
-1.5056401
-2.3038439
-2.2301603
-2.1159065
-1.7918377
-1.7180185
-1.6623834
-2.4614221
-2.452462
-2.4466091
-2.3398448
-1.7115716
-1.6658574
-1.7380368
-1.8103431
-1.9393672
-1.7114305
-1.757437
-1.6759521
-1.6983013
-1.4917069
-1.3700051
-0.78277369
-0.2400807
-1.4347013
-1.3691099
-1.3431483
-1.1437339
-1.2772671
-0.93946156
-1.303615
-2.5306074
-1.4169578
-0.9979246
-1.247074
-1.132309
-1.2716528
-1.8385868
-1.9135024
-2.4528351
-1.7946116
-1.4594011
-1.5104677
-1.3652171
-2.1066577
-2.0786789
-2.5305517
-2.684829
-2.8147946
-1.6378239
-1.8325784
-1.8232027
-1.802456
-2.061009
-2.0914576
-1.9789822
-2.5044187
-2.8300555
-2.9415505
-2.809323
-2.8328238
-2.8405229
-2.5072759
-2.2420824
-2.0342358
-1.8413524
-1.5721756
-1.600316
-1.5418415
-1.3901456
-1.435469
-2.2376091
-1.8034853
-1.5777175
-1.6998627
-2.0622878
-1.7743957
-1.8718131
-1.87247
-2.0562132
-2.3528083
-2.2847697
-2.4700682
-2.4765584
-2.4405709
-2.0739642
-2.1876139
-2.0527932
-2.1181938
-2.1045796
-1.8835491
-1.8522162
-1.7676943
-1.775696
-1.792488
-1.7212093
-1.7690243
-1.6944511
-1.6773792
-1.868082
-1.7372511
-1.643267
-1.7811003
-1.6638898
-1.6868291
-2.0183137
-2.1200126
-2.1748916
-0.61444392
-0.98201012
-0.22420584
-1.1733984
-0.64590591
-0.94955476
-1.1773733
-1.8926771
-1.6947464
-1.6235151
-0.9120818
-1.8197554
-2.0047756
-2.4618012
-2.0192242
-2.1589838
-1.9552125
-2.0169743
-1.6427891
-2.265116
-1.8442554
-1.2813645
-1.1029871
-0.92775711
-1.8628386
-1.9705907
-2.1172966
-2.9635221
-2.6126335
-1.8765577
-2.3305151
-2.6482072
-2.6006351
-2.3048623
-1.3918193
-1.0739681
-1.3437304
-1.3167074
-1.4793829
-1.6956093
-1.6865041
-1.5331471
-1.6858175
-1.9100805
-1.5829989
-1.5276545
-1.5912922
-1.3864689
-1.515929
-1.5907486
-1.5799721
-1.4908376
-1.4317685
-3.3470418
-3.4129947
-3.2792243
-3.0556261
-2.608497
-2.4836451
-1.9869716
-1.8950641
-1.8169381
-1.6284329
-1.4347864
-1.4945731
-1.5469183
-1.8693209
-1.957836
-2.0726193
-2.204647
-2.1395582
-2.2610994
-2.6273337
-3.0460475
-3.0942143
-1.5473417
-1.5901377
-1.5461435
-1.5505472
-1.5884293
-1.6567275
-1.6759235
-1.8321292
-2.327595
-2.6324139
-2.0451809
-1.8603653
-1.7397458
-1.818151
-1.7900848
-1.7304849
-1.6040879
-1.5607919
-1.5673076
-1.5758118
-0.1541721
-0.11813012
-0.21573744
-0.79568811
-0.43249705
-0.53723917
-1.2287059
-1.4552771
-1.5605353
-1.7835667
-1.7911396
-1.7509394
-2.000898
-2.7662622
-2.9914218
-3.1101393
-3.0208394
-2.5572677
-2.6982869
-0.72837132
-0.67818228
-0.68914968
-0.91286143
-0.87346285
-0.73875045
-0.86059962
-1.4806012
-1.7533333
-1.8119122
-1.8293914
-2.1447763
-2.0360227
-2.1593016
-3.2846891
-3.1486749
-2.7584111
-2.6320741
-2.523602
-2.2304494
-1.9092718
-1.7858168
-2.0851611
-1.711902
-1.9944436
-2.1305981
-2.1150163
-2.128263
-2.2203754
-2.2032729
-2.148317
-2.4446138
-0.77556317
-1.9837788
-2.5357188
-1.9449047
-2.0637598
-2.4006665
-2.787971
-2.9275159
-2.6785811
-2.2291818
-2.3572505
-2.1013558
-2.3794717
-2.3434342
-2.2323074
-2.2641461
-2.1014918
-2.0882957
-1.9918689
-1.9375096
-2.1664127
-2.1784134
-2.2015568
-1.6241973
-1.5774181
-1.8735822
-1.7448657
-1.7611031
-1.6223324
-2.057554
-1.7839225
-2.3040077
-1.6638279
-2.1734032
-2.0709826
-0.42186432
-0.62224159
-0.44804528
-1.9822519
-1.916192
-1.8744767
-1.3956565
-1.5022419
-3.2341002
-3.1402699
-3.3176959
-1.6013656
-2.8186583
-2.8683431
-2.884568
-2.2206956
-2.3114521
-2.2152947
-2.0559108
-2.3798321
-2.2655275
-2.8399379
-2.7619397
-2.7762119
-2.6572149
-1.9706914
-2.0111108
-2.0653926
-2.4563067
-2.5167824
-2.4660138
-2.2700967
-1.836104
-1.8496527
-1.9423007
-1.8751606
-2.0030709
-1.894218
-1.9972046
-1.9307616
-1.7843921
-1.810391
-1.8748269
-1.9512903
-1.4671882
-1.407054
-1.7902691
-2.888687
-2.6562142
-2.7287914
-1.8419895
-1.7242923
-1.5829783
-1.333346
-1.0154077
-2.8819305
-2.8101917
-2.8791598
-3.1228728
-3.0316146
-3.0372738
-1.5700542
-1.5914064
-1.8144338
-1.7489262
-1.966275
-2.2178905
-1.9898599
-1.2931641
-1.3171858
-1.5405541
-1.4983273
-1.53976
-1.5487437
-2.7442392
-2.8695943
-2.6096489
-1.6091064
-1.6005169
-1.5670211
-1.5449529
-1.9764628
-1.5458391
-2.3248669
-2.1977906
-2.321806
-2.6062552
-2.5707049
-2.6656762
-2.8823872
-1.6441384
-1.5731845
-2.0021667
-1.9918092
-2.0765732
-2.1270918
-2.1701138
-1.8781169
-1.8014949
-1.7237679
-1.7001485
-1.6580989
-0.45995449
-1.307149
-1.1885839
-1.319222
-1.2267752
-1.4623136
-1.5202323
-3.1317544
-3.3187862
-3.2920566
-3.3786198
-3.2729302
-1.2079336
-0.86482535
-1.0716031
-1.278139
-1.1552194
-1.2402605
-2.2689393
-2.1179093
-2.8027499
-2.994745
-2.787968
-2.9364327
-1.5623774
-1.6623991
-1.7455352
-1.6724888
-1.751303
-1.8539444
-1.6818132
-1.8550963
-2.4880047
-2.1823127
-2.3131834
-2.2317068
-1.3204275
-1.4660227
-1.6599187
-2.1280243
-2.1642181
-2.3079527
-2.3885652
-2.2961642
-2.7337351
-2.7759089
-2.6899412
-2.4187945
-2.2794062
-2.2140502
-2.1452507
-2.6007426
-2.6153024
-2.5494822
-2.5728552
-2.6665189
-2.7809508
-2.0115054
-2.1469298
-2.4256972
-2.4347158
-2.5319434
-2.5683312
-2.5968636
-1.7998619
-1.7533454
-1.8434394
-1.7764455
-2.0028726
-1.8951133
-1.9168994
-1.9613821
-2.0223427
-2.0561399
-1.9207057
-1.9201152
-1.8727532
-1.9988015
-1.9610251
-1.9787959
-1.8275276
-1.7146713
-1.7091905
-2.5465846
-2.5711731
-2.1088246
-2.2515409
-2.0685937
-2.0550054
-2.5693238
-2.7086408
-2.5883951
-2.424531
-2.6898871
-2.435348
-2.6165484
-1.5113855
-1.4919423
-1.5309596
-1.4998291
-1.5558188
-1.5418167
0
-1.7198222
-1.6171717
-1.9164531
-1.5041269
-1.5087436
-2.2520824
-2.2801759
-1.816668
-1.8135278
-1.6194029
-1.7252479
-1.7386641
-2.4604272
-2.4670211
-2.4409479
-2.2785104
-2.267915
-2.3907087
-1.7049783
-1.7046549
-1.7776679
-1.843243
-1.8735685
-1.6706642
-1.6602665
-1.6782963
-1.6161416
-1.5465053
-1.7708498
-1.3593716
-1.6733597
-1.5476663
-1.5797516
-0.97581045
-0.94979759
-0.8891508
-0.6760495
-0.98025449
-2.091122
-1.9675171
-1.4548682
-1.317439
-1.4135384
-1.293988
-1.3226091
-1.4820701
-1.7585086
-1.6994249
-1.7294695
-1.9548769
-1.9292662
-1.5290442
-1.6289321
-1.349602
-1.3980903
-1.5611777
-1.2873452
-1.4173607
-1.4513983
-1.2752008
-2.2856262
-2.2134317
-2.5691027
-3.0144416
-2.7789112
-2.9036436
-2.7931184
-2.9876789
-1.6695592
-1.785165
-1.8686617
-1.7342185
-1.6321673
-1.7316864
-1.7884914
-1.8089589
-1.9620465
-1.872828
-1.5720682
-1.996295
-2.2310856
-2.4365898
-2.8893088
-2.8341922
-2.895167
-2.9390827
-2.9294915
-2.778316
-2.8812378
-2.7347484
-2.485566
-2.6371719
-2.6246185
-2.759861
-2.4989311
-2.6489894
-2.3404441
-2.128803
-2.118564
-1.9939624
-1.7753303
-1.6890127
-1.6013828
-1.6904101
-1.5090491
-1.2704451
-1.4021586
-1.2548885
-2.558856
-2.3457613
-2.4524163
-2.4388917
-2.1071575
-2.0758362
-1.7158209
-1.8273238
-1.885124
-2.2975129
-1.8130342
-1.9097056
-2.0482685
-2.0717535
-2.1571156
-2.2207242
-2.341737
-2.2877949
-2.4119912
-2.5194971
-2.4912456
-2.504409
-2.4733379
-2.4759005
-2.4609645
-2.4169629
-2.2105651
-2.2139849
-1.9070328
-2.1516055
-2.0697478
-1.8659744
-1.9163155
-1.8674663
-1.8633187
-1.8377366
-1.7627791
-1.7600634
-1.7783559
-1.775313
-1.7691972
-1.77756
-1.7230686
-1.7059123
-1.8326178
-1.7349514
-1.7349728
-1.9018351
-1.9851634
-1.8244096
-1.7920119
-1.6760002
-1.6531263
-1.6508221
-1.6487657
-1.915602
-1.862562
-1.8438802
-1.7957849
-1.7105467
-1.7718193
-1.889028
-2.0301773
-2.064739
-0.98901784
-0.84765492
-1.1482135
-1.875801
-1.8622503
-1.8749031
-1.9631582
-1.9325695
-1.8314976
-1.7019389
-1.6151101
-1.7857982
-1.6250732
-1.8882475
-2.1045285
-2.10108
-2.1662155
-2.1470281
-2.5535068
-2.4024584
-2.481651
-2.1463789
-1.8554033
-1.8648506
-2.4215498
-2.4424008
-2.2761677
-1.7228038
-1.7671198
-2.0069699
-1.6574093
-1.6322767
-1.2661267
-1.0674409
-2.2210376
-1.896387
-2.0600507
-1.6537095
-2.3431091
-2.1788896
-1.7762068
-2.1887916
-2.0667596
-2.1835233
-2.9401963
-2.9883594
-3.0604282
-2.9491158
-2.886175
-2.5735738
-2.3613907
-2.5068371
-2.2181037
-2.4078828
-2.69127
-2.7445348
-2.7061006
-2.7071121
-2.5975342
-2.6913616
-2.5285633
-1.421202
-1.440311
-1.5495941
-1.481212
-1.4670709
-1.3865531
-1.5503608
-1.6123262
-1.649806
-1.6687785
-1.8021574
-1.7162245
-1.7208423
-1.6466928
-1.6742672
-1.642149
-1.7075574
-2.1436114
-1.9379833
-2.1200889
-2.1809473
-2.3783197
-1.4102829
-1.6400618
-1.4192683
-1.4020813
-1.4887503
-1.5001725
-1.574147
-1.5335901
-1.4302571
-1.3856754
-1.4776246
-1.5263884
-1.4404012
-1.4782344
-1.5776031
-1.5945034
-1.5639347
-1.5742919
-1.527464
-1.5292785
-1.4804373
-1.4389878
-3.2854363
-3.3394468
-3.2772428
-2.6529903
-2.9564352
-2.7030472
-2.8419101
-2.4675594
-1.9476869
-2.1673335
-1.6100911
-1.7413157
-1.4956428
-1.7213839
-1.8381341
-1.9111374
-1.4652864
-1.6724774
-1.7076421
-1.5360677
-1.4522612
-1.4390069
-1.6457721
-1.4329793
-1.4120758
-1.8041132
-1.9915981
-1.9802225
-2.0129016
-2.4286116
-2.3316907
-2.3943327
-2.491592
-2.193674
-2.2161319
-2.0193531
-2.1509208
-2.0305275
-2.4143193
-2.6330208
-3.0754072
-3.0150577
-3.2617999
-1.5351515
-1.5504142
-1.5402819
-1.5504038
-1.6052317
-1.735768
-1.7170153
-1.9370714
-1.8282708
-1.7484247
-2.0452744
-2.2284086
-2.2052542
-2.5746619
-2.4979647
-2.8114399
-2.943205
-2.9489483
-2.0682324
-1.9427119
-1.9334799
-1.9170579
-1.8536948
-1.754661
-1.7641226
-1.7760219
-1.7812917
-1.765542
-1.7549958
-1.6647304
-1.6582493
-1.5732123
-1.5517626
-0.12619947
-0.13654681
-0.096981916
-0.28322794
-0.39540011
-0.40826251
-0.68978123
-0.55057861
-0.33586647
-0.27398939
-0.82932441
-0.6865445
-0.73334483
-0.86654341
-1.069697
-1.4066068
-1.2913455
-1.5133562
-1.516812
-1.5542176
-1.9811606
-1.9397514
-1.7989599
-1.7464413
-1.7605465
-1.3476614
-1.5895253
-2.2406562
-3.3314807
-2.9778614
-3.2160853
-3.0200751
-3.1150531
-3.0271938
-3.2555964
-3.2066491
-3.1358801
-2.9804704
-2.7955706
-2.9776963
-0.84785935
-0.7204012
-0.64750391
-0.74946505
-0.88651793
-0.82263629
-1.1295338
-1.0588675
-1.0924477
-1.5703513
-1.6488513
-1.7847833
-2.5203851
-2.1664592
-2.4368279
-2.3704884
-2.5276308
-3.3599508
-3.3657838
-3.3626308
-3.117437
-3.2366697
-3.1456192
-2.9950487
-2.9578138
-2.1660875
-2.3720136
-2.3385075
-2.1467869
-2.310307
-2.2836282
-2.3775509
-2.4797514
-2.1532615
-2.0158732
-1.7213853
-1.4058077
-1.7358084
-4.8620732
-1.7613258
-1.8798217
-1.9286099
-1.6148529
-1.7154413
-1.9454335
-2.0723439
-2.0968192
-2.127742
-2.1788809
-2.0241775
-2.1483248
-2.1531411
-2.1373536
-2.1558688
-2.1733187
-2.1684998
-2.2244556
-2.1721064
-2.050343
-2.1073674
-2.0243965
-0.21928988
-0.38950931
-1.8873423
-2.1043308
-2.2220016
-2.3104846
-1.8635698
-2.3944164
-2.2987207
-2.4596523
-2.5859463
-2.7250803
-2.9745223
-2.7797417
-2.4750085
-2.668144
-2.5690147
-2.5852805
-2.4122293
-2.5881622
-2.5882076
-2.5111913
-2.452236
-2.5881148
-2.0801075
-2.2155623
-2.0805376
-2.2936807
-2.3555056
-1.9270275
-1.915877
-2.0072491
-2.0790169
-2.0144346
-1.9872418
-2.0477654
-2.0298489
-1.9534416
-1.8647091
-1.8128882
-2.3270176
-2.3549196
-2.1722481
-2.1195781
-2.1029482
-2.3996874
-2.4350709
-2.334089
-1.4850604
-1.4785382
-1.4947543
-1.5968897
-1.7182996
-1.6172551
-1.6120162
-1.919377
-1.545262
-2.1530653
-2.0256544
-2.0876818
-2.3933019
-1.6629565
-1.7029357
-1.6942659
-1.7507769
-1.6561369
-1.634069
-1.6460956
-1.9617155
-1.8426641
-1.9716836
-1.8746833
-0.71740791
-0.73619104
-0.59179701
-1.6942171
-1.7644733
-1.6987261
-1.6809726
-1.4636446
-1.4870642
-1.4215865
-2.771677
-2.8754373
-3.1524209
-3.1760809
-1.6463425
-2.6383817
-2.5394441
-2.6367252
-2.9010756
-2.9500119
-2.4981969
-2.6059328
-2.4437437
-2.0338459
-1.6955471
-1.9165453
-2.0752271
-2.0769524
-2.6559204
-2.5055934
-2.6949056
-2.5962534
-2.3100123
-2.3773266
-2.4833307
-1.9164885
-2.5232795
-2.5265918
-2.5415295
-2.5128999
-2.4492756
-2.3284009
-2.3326247
-1.9710646
-1.978533
-1.9527562
-1.8387207
-1.8846052
-1.8091682
-1.8045895
-1.843818
-1.8426002
-1.8115748
-1.7566491
-1.7311929
-1.7841863
-1.8531763
-1.9811875
-1.9875262
-1.9046393
-1.7460057
-1.8191288
-1.7653592
-1.767963
-1.7970938
-1.8958571
-1.9721545
-1.9094652
-1.2276249
-1.4259188
-1.8115983
-1.8328764
-1.9092065
-2.0235108
-1.9261638
-1.9829682
-1.8980289
-2.0562825
-2.7104101
-2.5863825
-2.5287831
-2.520955
-2.3273454
-2.1984471
-2.1543838
-1.9140679
-1.790333
-1.2755918
-1.4229836
-1.1934677
-2.5594873
-2.6475941
-2.2171893
-2.6912666
-2.6338241
-2.590473
-2.6555823
-3.0358502
-3.1238467
-3.1303242
-3.1103133
-3.0539568
-2.9922223
-3.0631843
-2.9472041
-1.5411299
-1.5192802
-1.5958982
-1.6373725
-1.6589629
-1.7314689
-1.7165463
-1.7718932
-1.8368774
-1.8387595
-1.9251635
-2.05425
-2.1840915
-1.3112144
-1.2680318
-1.3110116
-1.4918112
-1.5047237
-1.4355427
-1.5376207
-1.540058
-3.1084915
-3.1522482
-2.9905679
-2.7652952
-1.735993
-1.679923
-1.6602873
-1.5485832
-1.4928241
-1.4941125
-2.1281186
-2.2011004
-2.0578363
-2.4353908
-2.3717516
-2.4698787
-2.479591
-2.709744
-2.8061702
-2.8818162
-3.0215777
-1.541179
-1.5365139
-1.5649819
-1.8185364
-1.8282306
-1.9170267
-2.0149861
-1.9960021
-2.0968486
-2.2865566
-2.2986518
-2.4412207
-1.9144794
-1.8662322
-1.7806402
-1.7422742
-1.7411104
-1.6414375
-0.24249722
-0.56467327
-0.15776199
-0.29387408
-1.0923592
-1.052684
-0.97644503
-1.30169
-1.3431464
-1.8597241
-1.7310068
-1.6698281
-1.9137203
-2.7950582
-3.095437
-3.3940962
-3.4444589
-3.4081951
-3.4121653
-3.3183745
-3.1329464
-0.86596562
-0.9662025
-0.87346285
-0.72715586
-0.70774145
-0.81593641
-0.81637599
-0.64003447
-0.64815679
-0.92615334
-1.1588465
-1.0681326
-1.5113478
-1.775261
-1.7312336
-2.3488778
-2.6921576
-3.2948016
-3.1707552
-3.1283156
-3.0157919
-1.9740371
-1.9653674
-1.9492812
-1.8160009
-1.8499485
-1.8457497
-1.7673639
-1.6253307
-1.6457996
-1.6999075
-1.6867178
-1.6857564
-1.8506813
-1.9954787
-1.956344
-2.4791737
-2.282495
-2.2839108
-2.1404291
-2.1395463
-2.0953577
-2.0563703
-0.77798212
-1.2286857
-1.629268
-2.067123
-1.9514107
-2.0251116
-2.0407748
-2.2640536
-2.5400356
-2.6575728
-2.4913886
-2.4666108
-2.8696262
-2.8345306
-2.8486206
-2.7165695
-2.5844915
-2.5086351
-2.4479526
-2.3065037
-2.1786842
-2.5044062
-2.3918662
-2.5695276
-2.5148717
-2.6436716
-2.6264476
-2.5517161
-2.5520786
-2.6553801
-2.6986012
-2.6967294
-2.8054885
-2.8477123
-2.0229898
-2.1357263
-2.0608386
-2.0471904
-2.0936631
-2.1071775
-2.4157659
-2.2368247
-2.5075393
-2.543459
-1.7557862
-1.7559025
-1.76956
-1.7545124
-1.7643205
-1.872263
-1.9077498
-1.9199783
-2.0029558
-2.0068586
-1.9689133
-1.8812194
-1.8387932
-1.7922962
-1.7604279
-1.8849338
-1.842016
-1.9032485
-1.9167972
-1.8702882
-1.9276447
-1.8769957
-1.8915989
-1.8136942
-1.7858609
-1.6692607
-2.8393273
-2.6868527
-2.6576513
-2.5474791
-2.2610829
-2.3259434
-2.1689123
-1.9169884
-2.8314358
-2.8982681
-2.8628637
-2.8067679
-2.8253884
-2.6671225
-2.8198782
-2.9062924
-1.5549818
-1.5831845
-1.5799778
-1.5520202
-1.6197379
-1.5006331
-1.6365984
-1.5871288
-1.6894527
-1.825749
-1.4203937
-1.3573948
-1.429808
-1.5454386
-1.516531
-1.5003021
-1.5003067
-1.5166882
-2.3941513
-2.431667
-2.0470888
-2.0099335
-1.8732642
-1.7094306
-1.6627062
-1.6433102
-2.4328653
-2.4524446
-2.4730514
-2.4599307
-2.4401018
-2.4314938
-2.4242481
-2.4103669
-1.7068846
-1.7055872
-1.6696434
-1.7482994
-1.7839246
-1.7226362
-1.7564737
-1.8489789
-1.9154
-1.9911219
-1.7370279
-1.7613125
-1.6983751
-1.642097
-1.7046717
-1.1726997
-0.72983138
-1.321167
-1.0922196
-1.0993682
-1.0018001
-1.6303406
-1.3661799
-0.95600222
-0.81781487
-1.2445114
-1.2370854
-1.1271956
-1.0858055
-1.2322798
-2.0572716
-2.8171335
-1.2531393
-1.1409525
-1.1925391
-1.5606827
-1.1823948
-0.97721921
-1.3456478
-1.1605702
-0.98398074
-1.1579357
-1.4126831
-1.9407595
-2.1469107
-2.626835
-2.476985
-2.2148327
-2.2699689
-2.0189063
-1.9516408
-1.8054201
-1.8242407
-1.5748581
-1.6087115
-1.4314549
-1.9576946
-2.0507537
-2.1147205
-2.2702686
-2.3896419
-2.6921015
-2.6723689
-2.5492023
-2.603886
-2.6529804
-2.6009552
-1.5820143
-1.6970665
-1.7816697
-1.8917435
-1.9711323
-2.0308314
-2.1466983
-1.7444279
-1.9757662
-2.2291863
-2.4112333
-2.4825053
-2.5788915
-2.5909446
-2.8298435
-2.92732
-2.8877383
-2.9225338
-2.6984789
-2.8776584
-2.8977581
-2.8560602
-2.8676392
-2.7804927
-2.6141498
-2.4797325
-2.4295925
-2.3217714
-2.1593012
-1.6760108
-1.5474142
-1.5366426
-1.606774
-1.4572527
-1.407952
-1.3151633
-1.3171966
-2.2837256
-2.2263346
-2.1697229
-2.1013558
-2.2923138
-2.0466936
-1.6398105
-1.2911211
-1.549667
-1.4865297
-1.5003913
-2.1271334
-2.0678241
-1.6065934
-1.8334049
-1.7400115
-1.7942429
-1.8084668
-1.8991289
-2.0254569
-1.9564903
-2.1008606
-2.1894569
-2.312633
-2.384455
-2.2817443
-2.4979304
-2.3985619
-2.3861515
-2.4119981
-2.258645
-2.2779478
-1.9764639
-1.8210394
-2.2333507
-2.1910549
-2.2212474
-2.1433461
-2.0625553
-1.9922105
-1.9984443
-1.9634074
-1.9209492
-1.8804264
-1.8195625
-1.8636194
-1.769539
-1.7810577
-1.7779699
-1.7840678
-1.8018197
-1.8142961
-1.7765309
-1.7580059
-1.6831304
-1.9006189
-1.8489475
-1.8249564
-1.7705911
-1.6753985
-1.6990093
-1.8682651
-1.7905345
-1.7126872
-1.7089915
-1.6882059
-1.6742678
-1.6515599
-1.6697957
-1.7974507
-2.0011002
-2.0955416
-2.0297495
-2.1123338
-2.1572087
-2.1476217
-2.2008109
-2.2228361
-0.32084578
-0.20897386
-0.3836227
-0.55823335
-0.81859548
-0.92504347
-0.24544554
-1.7672286
-1.7167793
-1.9337376
-1.7943428
-1.7800535
-1.5224661
-1.4411349
-1.3741527
-1.5391012
-0.57582032
-1.7580239
-1.9761938
-2.1098575
-2.1663249
-2.1983045
-2.1024494
-2.0673262
-2.2971779
-2.1169337
-2.2347541
-1.9486305
-2.0295808
-1.4439595
-2.5751923
-2.3901028
-2.4543558
-2.1733998
-2.1455739
-2.1551259
-1.9675357
-1.6603464
-1.4994116
-0.97325737
-0.9090531
-0.9740747
-1.2956589
-0.94619108
-0.75808875
-0.56141274
-0.45959938
-1.783872
-1.8115554
-2.0792975
-1.9719154
-2.9341863
-2.8533541
-2.7401433
-3.0136408
-2.7492196
-2.5546295
-2.1245334
-2.0601258
-2.2395132
-2.0005634
-2.2170826
-2.3702161
-2.4696957
-2.8482761
-2.7543212
-2.4702135
-2.4955225
-2.3873212
-1.2989066
-1.1813455
-1.1331845
-1.2660304
-1.3845531
-1.6126174
-1.6417844
-1.6671909
-1.7079767
-1.6592828
-1.594303
-1.4706385
-1.5114873
-1.581891
-1.8537471
-1.7813567
-2.0292351
-2.1911621
-1.5951196
-1.4430852
-1.5662457
-1.633409
-1.6136604
-1.3501067
-1.3941664
-1.4561276
-1.5527097
-1.5212938
-1.5692315
-1.5859238
-1.5889762
-1.5206295
-1.5023096
-1.5604134
-1.5434956
-1.4780958
-1.4209725
-1.4087215
-3.3227361
-3.3650892
-3.3835878
-3.4228929
-3.374653
-3.051721
-3.1992898
-3.2159877
-3.1260211
-3.0807495
-3.0431533
-2.7251085
-2.522652
-2.5509081
-2.3250432
-2.3976069
-2.2667556
-1.8080668
-1.9887465
-2.2150342
-1.6827777
-2.0463912
-2.0645442
-2.0677805
-1.5184811
-1.7774962
-1.8075535
-2.0460601
-2.2458094
-2.0735435
-2.1989951
-2.309734
-2.6050648
-2.8300669
-2.8824313
-2.843988
-3.1623348
-3.2903047
-3.2354028
-1.5453791
-1.5675057
-1.5678127
-1.5935678
-1.6344983
-1.6055626
-1.6376061
-1.718066
-1.6138127
-1.6801385
-1.8345857
-2.0443977
-2.2249203
-2.4797721
-2.3246813
-2.592441
-2.6581038
-2.8289318
-3.1416207
-2.1193
-2.0730722
-1.9824092
-1.9714056
-1.8530539
-1.5839252
-1.5380565
-1.8280793
-1.8248907
-1.8372229
-1.8111647
-1.8289856
-1.7722872
-1.7173359
-1.6063419
-1.5378359
-1.605853
-1.5836014
-1.5684218
-1.5554115
-1.5546134
-0.17985592
-0.12245625
-0.18159125
-0.12474314
-0.15080052
-0.25227801
-0.38362806
-0.73619457
-0.94100618
-0.30412263
-0.72557358
-0.48759322
-0.4911967
-0.4306783
-0.85705692
-1.2843553
-1.3744874
-1.5201815
-1.5600295
-1.3762752
-1.5003395
-1.5926774
-1.9879738
-2.0426517
-1.870237
-1.714292
-1.7357863
-1.6809721
-1.3588669
-2.0575906
-2.5066307
-2.3144381
-2.3571889
-2.1285247
-2.8804165
-2.9036742
-2.8766627
-3.2758369
-3.0292539
-2.8297455
-2.6413896
-2.6491591
-2.4106874
-2.5166299
-0.79782942
-0.83612844
-0.67079268
-0.95063533
-0.99585802
-0.95368512
-1.1895802
-1.3093641
-0.81196661
-0.92051844
-0.68729207
-0.6858516
-0.77938981
-1.5938139
-0.71618711
-1.1738953
-1.524168
-1.6261597
-1.5545729
-0.74042654
-1.7302208
-1.997844
-1.9473907
-1.9429556
-2.1902939
-2.1030894
-3.3591538
-3.310469
-3.2443169
-3.3159638
-3.2955121
-3.2644079
-3.0914921
-3.0786694
-2.8748822
-2.5036574
-2.6427957
-2.8751927
-2.7458686
-2.3607906
-2.5907246
-2.7746929
-2.15228
-1.9964722
-1.8917302
-1.7748892
-1.7894819
-1.8508431
-1.9932062
-2.0305573
-1.5920354
-1.6921752
-1.764755
-1.9128467
-1.8782232
-1.9815617
-2.1171742
-2.1970477
-2.0422018
-2.1172753
-2.0968697
-2.1113104
-2.182232
-2.2569296
-2.2631374
-2.2713661
-2.3380019
-2.1611193
-2.2760699
-2.2288478
-2.3657054
-1.0942803
-0.92825063
-1.0864818
-1.387014
-1.6659803
-2.2506237
-2.3977613
-3.0431166
-1.8410476
-2.0261441
-2.1745484
-2.0662542
-2.0448472
-2.2914122
-2.4871343
-2.7397542
-3.2207836
-3.1145159
-3.0316908
-2.7010112
-2.7755635
-2.9535189
-2.6975339
-2.5505531
-2.1727338
-2.0457065
-1.9879952
-2.1198993
-2.0887924
-2.1818903
-0.19341314
-0.28123258
-0.31828844
-0.28081254
-1.5391128
-1.3992933
-2.1798058
-2.8695143
-2.8376567
-2.3759083
-1.976606
-1.9474813
-2.8447453
-1.8038784
-2.8792459
-2.9023527
-2.9217797
-2.9781569
-1.9084895
-2.1375481
-2.5505932
-1.6354012
-1.561661
-1.5911569
-2.3470767
-2.3016587
-2.7663635
-2.0812212
-1.7106117
-1.4534366
-1.4370041
-3.1144036
-3.4363557
-3.2133906
-1.8840601
-2.029879
-1.7032399
-2.4747981
-2.3512691
-1.4726738
-2.2172724
-2.2275395
-2.2638146
-2.6775836
-2.6838665
-2.4629211
-2.5798013
-1.8117791
-1.8782959
-1.7832394
-1.7235466
-2.4585564
-2.5203412
-2.5014211
-2.5265313
-2.6027965
-1.6352875
-1.6839994
-1.6837562
-1.7471117
-1.8167606
-1.6660026
-1.6546996
-1.6953484
-1.6088188
-1.6799272
-0.96250031
-1.0221693
-1.6257876
-1.4928846
-1.4007572
-1.1287704
-2.4122825
-2.6523032
-2.9915933
-1.6028346
-1.7204933
-1.6106904
-1.7795449
-1.8289049
-2.2552581
-2.3909256
-2.9450233
-2.9382573
-2.9370418
-2.8064454
-2.5077287
-2.3702068
-2.3880984
-2.2410969
-2.4932808
-2.4926285
-2.4721781
-1.8525768
-1.8270933
-1.7797449
-1.8080685
-1.7658917
-1.7515006
-1.789078
-1.7215616
-1.6653122
-1.8810035
-1.8323988
-0.49503145
-0.58956324
-1.3562788
-1.9373544
-1.9432613
-2.043512
-2.1374256
-2.1413927
-2.6435446
-2.6641027
-2.1120167
-2.3586357
-2.2775272
-1.590396
-1.4073684
-2.2483249
-2.3441094
-3.0118154
-3.0610804
-2.9131832
-2.8018063
-2.705034
-2.7701541
-2.7166755
-2.6731086
-1.4824545
-1.6676627
-2.2633881
-2.3853991
-1.4457457
-1.5159861
-3.2046349
-2.6724179
-1.8235556
-1.9245866
-2.3739169
-2.5061467
-2.3198402
-2.4376416
-3.1219339
-1.7518831
-1.8884815
-2.1872558
-1.9088077
-1.784466
-0.22277811
-0.90776039
-0.24848551
-0.90245298
-1.9289807
-1.8578081
-1.8888587
-3.3696392
-3.2863207
-3.2215578
-3.2120347
-3.3473172
-3.0578539
-2.9898455
-0.66501791
-1.5523869
-1.5369965
-1.3385857
-1.5697982
-1.6703253
-2.318786
-3.1100467
-2.1203747
-2.1573918
-1.7327909
-1.6072939
-1.6471443
-2.1575881
-2.157514
-2.0673184
-1.8962351
-2.2000845
-2.1873724
-2.4604602
-2.6392066
-2.6955822
-2.5466778
-2.5249165
-2.4971306
-2.488128
-2.4411011
-2.4841255
-2.4996878
-2.4582545
-2.5028174
-2.1742422
-2.4025006
-1.9598573
-2.1693677
-2.1508035
-2.0015943
-2.065917
-2.0866638
-1.9357267
-1.8908039
-1.8571479
-1.8446381
-2.2616407
-2.1210086
-2.1839073
-2.2219335
-2.2777174
-1.5088781
-1.5402115
-1.634317
-1.8907587
-1.7627286
-1.6577832
-2.3724149
-2.2180844
-2.3180932
-1.7009117
-1.8058211
-3.2294338
-3.1897852
-3.2615705
-1.6985654
-2.7876079
-2.9083745
-2.9354641
-2.9478491
-2.4560938
-2.3738595
-2.1547706
-2.7457776
-2.7053951
-2.6249925
-2.4859331
-2.4243438
-2.7200313
-2.5514164
-2.5467343
-2.4760772
-1.8482381
-1.8266646
-1.8833907
-1.823751
-1.788419
-1.7854731
-1.9989992
-1.8109367
-1.7796577
-1.8293489
-1.8479862
-1.7712442
-1.8147608
-1.983197
-2.7887062
-2.6722594
-2.5965824
-2.3980121
-2.0530919
-2.0576808
-1.6450766
-1.7124856
-2.7199604
-2.7553059
-2.5522301
-2.6911775
-3.0973641
-3.1386844
-3.1450059
-3.1148842
-3.1192035
-2.9205939
-2.9927925
-2.8535253
-2.8655626
-1.7861674
-1.8906766
-2.0548199
-1.5196011
-1.544084
-3.0058347
-2.9577329
-2.6898311
-1.7266645
-1.5775944
-2.0934103
-2.1625057
-2.4819755
-2.61889
-2.5982172
-2.752738
-2.9731613
-3.0609315
-1.5466509
-1.8679561
-1.8683895
-2.0816183
-2.0943343
-2.171657
-1.7240519
-0.92891932
-1.1225952
-1.543403
-1.7890871
-1.7858517
-1.4097496
-1.6263319
-2.903997
-3.4233429
-3.2911445
-3.4478709
-3.4560836
-3.3052461
-3.2483874
-1.3847671
-1.2566921
-1.2909883
-1.5099777
-2.4244992
-2.5028908
-2.6492847
-3.0177376
-3.001475
-3.110209
-1.8166839
-1.8035239
-1.5646274
-1.5861047
-2.3526391
-2.2631426
-2.1643247
-2.1255968
-1.5978005
-1.5283581
-1.9372023
-2.0696709
-2.2828781
-2.3875956
-2.4687061
-2.4807266
-2.3829034
-2.5113261
-2.077548
-2.5965742
-2.704975
-2.7478561
-2.7798197
-2.7225531
-2.7791039
-2.8136233
-2.0626447
-2.2406929
-2.2492494
-2.3245235
-2.5316319
-2.545871
-1.7491744
-1.9467714
-1.9650316
-1.9538303
-2.0542872
-1.9697768
-1.9176906
-1.9425187
-1.7654375
-1.7713391
-1.8139257
-1.7602211
-2.7502114
-2.38962
-2.2486159
-2.2129701
-2.0070603
-2.849907
-2.7474071
-2.7056451
-2.840114
-2.786536
-2.8733755
-2.8311041
-2.8024397
-1.7068103
-1.7955742
-1.4746772
-1.5080284
-1.5419284
-1.5717585
-2.1682935
-2.0414396
-2.1481116
-1.9027808
-2.3545534
-2.3744918
-1.725547
-1.7582067
-1.7989649
-1.8185572
-1.8304793
-1.8711076
-1.6908251
-1.0684184
-0.96756415
-1.7631671
-1.1063206
-1.4231258
-1.113649
-1.6010084
-1.7743199
-2.3455816
-2.615839
-2.8172028
-2.6805534
-1.3582586
-1.2612069
-1.2297475
-1.1878862
-1.1148113
-1.2138543
-1.2216481
-1.0565748
-1.1008471
-1.1866654
-1.2060776
-1.2350122
-2.3001307
-2.0943899
-1.5418589
-1.5575872
-1.4200592
-1.6685216
-1.6920136
-1.4656805
-1.4150428
-1.4533457
-2.0618861
-2.3993125
-2.7485918
-2.7832476
-2.7212402
-2.5849702
-2.7330271
-1.5506032
-1.7065076
-2.4228042
-2.704127
-2.6120469
-2.7575329
-2.7520691
-2.7128286
-2.6335534
-2.7193022
-2.6821174
-2.9332116
-2.9005366
-2.9168909
-2.9034311
-2.8956903
-2.7406985
-2.793239
-2.9150755
-2.8319974
-2.7464775
-2.3828576
-2.192145
-2.097645
-2.1089262
-1.7967572
-1.5069547
-2.2301106
-1.8812322
-1.6489897
-1.6983527
-1.3431491
-1.5870366
-2.3297067
-1.8773823
-2.0056354
-2.1310323
-2.2981347
-2.1996837
-2.1232284
-2.4259438
-2.2016544
-2.2156003
-2.3975391
-2.4449558
-2.4725533
-2.2577694
-2.2902942
-2.2421204
-2.1536014
-2.1511142
-2.2257359
-2.0536178
-2.0087491
-2.2004695
-1.9412845
-2.1706483
-1.9088632
-1.7800802
-1.8846569
-1.7775088
-1.8135355
-1.6781721
-1.6785473
-1.7037102
-1.936617
-1.9533064
-1.907974
-1.6519407
-1.9628997
-1.9065394
-1.9511962
-1.7711039
-1.6874802
-1.6555958
-1.7152173
-1.9354331
-1.8573453
-2.0595371
-2.036504
-2.0961127
-2.1558277
-0.43637561
-1.0882457
-0.36214534
-1.091037
-1.8619951
-1.8187075
-1.831275
-1.7427334
-1.8472494
-1.8741095
-1.9193417
-1.808788
-1.5934346
-1.674643
-1.4330258
-1.5213344
-1.3045357
-2.0405306
-2.0141777
-2.0218864
-2.0214379
-2.187551
-2.2177691
-2.2252125
-2.4295211
-2.0762373
-1.9115115
-1.7661581
-1.5705813
-2.712245
-2.6157957
-2.3726325
-2.4478489
-2.3368528
-2.4414946
-2.3318936
-2.2510447
-1.8002768
-1.7325833
-1.4516706
-1.0650405
-1.0032496
-0.86733649
-1.3365951
-0.91568575
-0.46615558
-0.50332737
-1.8345656
-1.8225217
-2.9018751
-2.932588
-2.9500985
-2.8730116
-3.0863643
-3.0551018
-3.0037579
-2.7685092
-2.4165349
-2.3633915
-2.4986101
-1.9426456
-2.2268938
-2.307458
-2.5195641
-2.413697
-2.3623813
-2.5023564
-2.3368988
-2.8486592
-2.6631915
-2.6085549
-2.4594195
-2.6009184
-2.5684977
-1.3207272
-1.4931696
-1.4293896
-1.1760054
-1.3357843
-1.2592655
-1.7160093
-1.6154462
-1.4403793
-1.5320971
-2.0158259
-1.8032178
-1.9312235
-1.9832168
-2.2777408
-2.2227631
-1.6329458
-1.7061624
-1.5336392
-1.33065
-1.4699675
-1.622947
-1.5983575
-1.3771572
-1.3641471
-1.4046092
-1.5969451
-1.4817144
-1.5122249
-1.4853047
-3.3045053
-3.0351865
-3.0826258
-2.890523
-3.223448
-3.0627161
-2.8055995
-2.3998923
-2.2260269
-1.8294047
-2.0037126
-2.0705951
-2.1905351
-2.2411851
-1.4676059
-1.4043714
-1.7898313
-1.9870369
-2.4547017
-2.4051046
-2.2477223
-2.3130544
-2.1075774
-2.175958
-2.722551
-2.9052937
-3.0873152
-1.5945935
-1.6158808
-1.5855691
-1.7736864
-1.6536722
-1.7433975
-2.7895116
-3.1538863
-1.9788847
-1.8591568
-1.6511739
-1.7593843
-1.7997637
-1.8074732
-1.7835963
-1.6860781
-1.6141125
-1.6454894
-1.5749334
-0.62529604
-0.60158683
-0.83432499
-1.0289217
-1.5211256
-1.5357418
-2.1264999
-2.2046386
-1.796605
-1.7409852
-1.3229869
-1.372843
-1.8090597
-2.8791033
-2.677268
-2.5393773
-2.5915999
-2.5787105
-2.631218
-3.1272683
-3.0307051
-3.1804386
-2.6317708
-2.5847304
-0.72305416
-0.66809414
-0.62335707
-0.79064304
-1.0952344
-0.74558794
-0.86532505
-1.3193064
-1.1496397
-1.0805596
-1.3134062
-1.947319
-1.9628419
-2.1951286
-2.0742277
-2.4960073
-2.4866667
-3.3837108
-3.3904727
-3.2194968
-3.1112781
-2.697861
-2.3908608
-2.5075714
-2.5469213
-2.7219195
-2.4856816
-2.7769947
-2.0608914
-2.1738213
-2.4493162
-2.6007676
-2.6674257
-2.3167034
-2.0343481
-1.9538047
-1.8230986
-1.7542214
-1.6718636
-1.7658112
-1.8321487
-1.8133598
-1.8413112
-1.9209313
-1.9372693
-2.1001889
-1.5872794
-1.6628001
-1.6298698
-1.7168666
-1.7447151
-1.8176835
-1.8552389
-2.1215918
-2.1503171
-2.2372717
-2.2024454
-2.1035087
-2.0596729
-2.2031441
-2.1729488
-2.23185
-2.1194009
-2.2109372
-2.2125647
-2.1910727
-2.1177574
-0.50120894
-1.7897381
-2.0194349
-2.0933221
-2.3174846
-2.4655794
-2.4360967
-2.7735393
-2.0469535
-2.9524392
-3.150856
-2.8681959
-3.0522509
-2.5916833
-2.6662274
-2.706342
-2.7571531
-2.7263173
-2.8372103
-2.7727601
-2.828006
-2.4993924
-2.519051
-2.2631791
-2.0059306
-2.1618616
-1.6483746
-2.1744944
-2.0751466
-2.7988564
-2.1423715
-2.0671683
-2.2509296
-2.7960719
-2.7298582
-1.8857762
-1.7636139
-1.3753803
-1.8237063
-2.766412
-1.8399646
-2.8183797
-2.8698547
-3.1240173
-3.1452164
-3.0917996
-2.9087099
-1.868263
-2.9102663
-2.8191166
-2.6961286
-1.6506351
-2.1762135
-1.5020618
-2.6636885
-1.9251144
-1.9486905
-1.9946747
-2.1913495
-1.7128691
-1.2141973
-1.195754
-3.1573496
-3.3104525
-3.4051846
-3.4305085
-3.3766311
-3.3090308
-1.5095858
-1.9148377
-2.9376341
-2.8528134
-0.65377364
-1.5677772
-2.3682158
-2.1730905
-2.7442129
-2.5899153
-2.6210679
-2.587352
-1.9844267
-1.9203963
-1.849889
-1.7937445
-1.7687772
-1.80188
-1.9915433
-1.7848526
-2.5538802
-2.6484934
-2.673346
-2.6222561
-2.5836593
-2.3809584
-2.5438479
-1.5412808
-1.5188127
-1.5924841
-1.5154068
-1.9037938
-1.7303362
-2.4633584
-2.2461787
-2.2922206
-2.3986673
-2.3862925
-2.3061827
-1.6832281
-1.00879
-2.1823345
-1.4814085
-1.8714523
-1.7958237
-2.9042047
-2.7978746
-2.7097297
-1.6052239
-1.739359
-1.8914379
-1.8792209
-1.9778815
-2.2009763
-2.2855262
-2.9074222
-2.9357929
-2.9299164
-2.8178725
-2.739242
-2.7508626
-2.7781677
-1.8171646
-1.6005327
-2.4050786
-2.2116997
-1.9260645
-1.8267367
-2.0715865
-2.5182473
-2.5037471
-2.4701616
-2.4592863
-2.0546705
-2.1307674
-2.178061
-1.9267278
-1.7867827
-1.7891702
-1.915435
-1.8994832
-1.7284817
-1.9849673
-1.8967292
-1.7456287
-2.1231188
-2.34481
-2.3027176
-2.0156707
-2.2306596
-1.9668118
-2.4979319
-2.5310993
-2.3999162
-2.3970969
-2.2961841
-1.9109342
-1.8008691
-1.7577991
-1.7396895
-1.3424139
-1.0051111
-2.9818707
-3.0236031
-2.4639925
-2.8863724
-2.8393492
-2.6181667
-1.5503187
-1.6188449
-1.7392394
-1.598852
-2.0452351
-2.0545576
-1.4135797
-1.5533351
-1.5753244
-2.8973648
-2.0480867
-1.6530871
-1.7228531
-2.4239068
-2.3481514
-2.281844
-3.1831586
-3.2889269
-1.5272667
-1.5605727
-1.9216432
-2.7974155
-2.9972752
-1.7933085
-1.6793118
-0.15530204
-0.23402031
-0.65731217
-1.4496953
-1.5687851
-3.3533189
-3.1792154
-3.1568563
-3.0924148
-3.2670611
-2.9666352
-2.9114125
-2.904146
-2.8493975
-0.8539876
-0.98168147
-1.0622751
-1.1514049
-1.106061
-1.1949029
-1.4240825
-4.8615671
-1.4499407
-1.7587231
-1.5665
-1.6810298
-2.5349574
-2.2597058
-3.3468146
-3.1716361
-3.0761251
-2.2456307
-2.4121488
-2.1131527
-1.8783368
-1.6775878
-1.36573
-1.8026378
-1.8501811
-1.955396
-1.8770583
-2.0597909
-2.1560345
-2.1435175
-2.1514941
-2.153489
-2.1869923
-2.2004041
-2.19702
-2.1776492
-2.0603968
-0.74767696
-1.6774174
-2.0063351
-2.1118558
-2.4203098
-2.376144
-1.8732507
-1.9670788
-2.2570658
-2.3230631
-2.5956996
-2.778356
-2.8797568
-2.8390349
-2.6336289
-2.6131242
-2.5651699
-2.6290206
-2.0136789
-2.0566869
-2.2767069
-1.9962034
-1.9249959
-2.4569504
-2.3491397
-1.5057574
-1.6675679
-1.5568895
-1.6480285
-1.8604824
-1.9751835
-1.8097754
-1.4108725
-1.4159963
-3.0370564
-3.1095283
-2.5090113
-2.7776591
-2.8572231
-1.9376457
-1.8358721
-2.5586752
-2.7177473
-2.5151197
-2.4238949
-2.5085324
-1.9621858
-2.48158
-2.5452921
-1.7353191
-2.0159321
-1.8233281
-1.9110256
-1.9887908
-1.9308148
-1.8167347
-1.8374431
-2.0472152
-2.0640098
-2.0654779
-2.5716721
-2.5512582
-2.3439394
-2.5579872
-2.4147197
-2.5468951
-2.4538427
-3.0884848
-3.0952815
-3.1336961
-3.0052308
-2.937563
-3.0126118
-3.0540635
-2.9953136
-2.954881
-1.2843786
-1.339684
-3.1586326
-3.0997825
-2.8700408
-2.5008684
-2.0939364
-2.512291
-2.4125561
-2.6369888
-2.7207967
-1.5354219
-1.8686304
-1.9988548
-2.2041639
-0.87899799
-0.92918054
-1.4873653
-2.5893242
-2.9969375
-3.2294324
-3.4036028
-3.3923923
-3.2522638
-0.97309645
-0.85146272
-0.6859225
-0.62881077
-1.020728
-1.0597465
-1.6651
-1.8327227
-2.0276306
-2.7236278
-3.3172909
-3.2003747
-3.1084578
-3.0654315
-1.9902858
-1.6750801
-2.0175031
-2.332076
-1.9942772
-0.57710046
-1.3902154
-2.117142
-2.1435882
-2.3016633
-2.6114388
-2.5050994
-2.3980677
-2.4789671
-2.0859724
-1.7605997
-1.8127153
-1.7766192
-1.7782448
-1.781181
-1.9370043
-1.8936966
-1.8851963
-2.8252179
-2.6073087
-2.2147736
-2.6746074
-2.8221172
-2.872847
-2.9505415
-2.9752468
-2.9345289
-1.5792603
-1.5524395
-2.094314
-2.0114043
-1.9682343
-2.4338445
-1.6971769
-1.7104941
-1.7404484
-1.8287147
-1.8775599
-1.6469269
-0.93368762
-1.5121574
-1.2771466
-1.224162
-1.0971391
-1.4374461
-2.9410171
-0.89401925
-2.6486826
-1.9187337
-1.7581597
-1.9703933
-2.1482919
-2.2373696
-2.5108989
-2.635307
-1.9606596
-1.6742139
-2.1995943
-1.8286997
-2.3847473
-2.5455434
-2.5942733
-2.6529555
-2.7700809
-2.9110635
-2.8844551
-2.8947136
-2.9538045
-2.8966442
-2.9261444
-2.9022684
-2.7673548
-2.7045762
-2.7109797
-2.5984217
-1.8107324
-2.2545242
-2.2703984
-1.6666501
-1.5892563
-1.6979924
-1.7239857
-1.7829929
-1.8309896
-1.9873703
-2.0895352
-2.2331547
-2.2241177
-2.3047715
-2.4809831
-2.3696125
-2.1483707
-2.0379322
-2.071305
-1.8239071
-1.7714531
-1.7781515
-1.8008811
-1.8285423
-1.7539192
-1.6992274
-1.7880735
-1.850188
-1.7741989
-1.6600204
-1.9086964
-2.0287613
-2.0638687
-2.1181513
-2.1771293
-0.30228082
-1.6680936
-1.5600582
-1.5034695
-1.9063922
-2.2210392
-2.205349
-2.2797565
-2.2620387
-2.1596546
-1.9995454
-1.9210315
-1.8545846
-1.809924
-1.7153216
-2.0258809
-3.0221146
-1.6721445
-0.91905657
-0.87023068
-0.80253438
-1.7171319
-1.9917906
-1.9235173
-1.8214502
-1.9213995
-1.945877
-2.908441
-2.8503254
-2.8993367
-2.3383321
-2.2437948
-2.1286091
-2.8001471
-2.7190507
-2.5564822
-2.4046672
-1.360248
-1.4736073
-1.0809769
-1.1535755
-1.1377391
-1.3216637
-1.2930212
-1.6538459
-1.5323949
-1.4227317
-1.3183204
-1.7673956
-1.8150505
-2.1235043
-1.3318427
-1.3005049
-1.5670644
-1.3846735
-3.2868887
-3.3678731
-3.4069982
-3.3952533
-3.4337045
-3.1973869
-3.3131391
-3.416764
-2.9200102
-2.4767445
-2.4456708
-1.8377601
-2.1345397
-2.2800643
-2.3334994
-1.7111596
-1.4096045
-2.3915263
-2.2840537
-2.0547092
-2.4850471
-2.7333721
-3.2215731
-1.5594841
-1.5817699
-1.910058
-1.7289803
-1.5949253
-1.6043328
-1.9157463
-2.1173007
-2.1728744
-2.4855764
-2.756039
-2.729583
-2.978156
-1.7482896
-1.7350461
-1.6663513
-1.4591279
-1.8318874
-1.7798058
-1.8274464
-1.8061892
-1.5426524
-0.10817909
-0.62076045
-1.2540837
-0.61425205
-0.37868683
-0.32106215
-1.1395412
-1.4710638
-1.9951415
-1.6203179
-1.6510329
-2.574051
-1.7189121
-2.1299394
-1.910606
-2.168854
-2.6937498
-2.8146162
-3.2433286
-3.1480583
-2.5636323
-1.0924842
-1.1966975
-0.98423569
-0.9897054
-0.94484027
-1.6716919
-1.4290793
-1.9252131
-3.2167998
-3.1514167
-3.1638895
-3.2110502
-3.3291718
-3.0625407
-2.5278323
-2.7021185
-2.7832329
-2.8718215
-2.9692715
-2.9919427
-2.9669525
-2.1575382
-2.3533379
-2.4843728
-2.2678954
-2.8245289
-1.9010237
-1.7912591
-1.9230619
-1.8072718
-1.7693919
-1.8147905
-1.8886994
-2.0545636
-2.2526408
-1.9663746
-1.9448506
-2.2326295
-2.2965966
-2.312048
-2.2470499
-2.1423314
-2.3475543
-2.3311296
-2.251493
-2.3249296
-0.20131072
-0.74216561
-1.7418006
-1.4064712
-1.1398448
-1.3405844
-1.8968012
-2.4974609
-1.7796107
-1.9012393
-2.1141696
-2.1831494
-2.3562966
-2.0206799
-3.1865125
-3.1197745
-3.0485404
-2.8358438
-2.6967767
-2.5496594
-2.2094613
-2.8406342
-2.9003021
-1.691816
-2.6784778
-2.709812
-2.5295177
-2.9473764
-1.7492871
-2.0444832
-1.8023743
-1.8573679
-2.0191936
-2.6649849
-2.7352211
-1.9258445
-1.9022274
-1.7579349
-1.7754526
-3.2962745
-3.0415726
-3.3683963
-3.339302
-1.6385434
-2.1590146
-2.510771
-2.6428359
-2.2166104
-1.5536436
-0.50159072
-1.8279944
-1.8823578
-2.769439
-2.1931163
-1.4970255
-1.5026229
-2.4327805
-2.2590952
-2.1622961
-1.3470109
-1.3379932
-1.887109
-1.5905445
-1.6532993
-1.7196696
-1.421834
-2.3984572
-2.7555932
-2.7302332
-2.865818
-2.9354951
-1.7769311
-2.4614089
-1.7397581
-1.8180067
-2.8559983
-2.9102708
-2.9205064
-1.6592018
-2.3178247
-2.471172
-1.8794925
-1.7669028
-1.7806696
-2.1226377
-2.159346
-0.20417717
-1.2408179
-2.8156425
-2.6946051
-0.75929288
-0.63171268
-0.67186783
-2.1150129
-3.3405318
-1.7635477
-1.7759817
-2.1809895
-2.1397575
-2.9870707
-2.2152352
-1.9719531
-2.7799705
-1.7749347
-3.0839092
-1.2701211
-1.9655437
-1.6809271
-3.4725983
-3.446042
-2.8993361
-1.6667422
-2.4323869
-2.7758646
-2.0831096
-1.9989161
-2.5319691
-1.5301098
-1.6550143
-1.709426
-1.7437247
-1.7527489
-2.3712493
-2.9253668
-2.5010335
-1.8685618
-0.97440898
-2.2421551
-2.2352671
-1.8113198
-2.4551623
-3.0514508
-3.0515648
-1.7852604
-0.14496231
-2.9166662
-0.81040274
-1.3153332
-1.1393617
-2.8972806
-1.9020734
-2.0920846
-2.1056178
-2.2008993
-2.3358311
-2.4662121
-2.0228386
-1.8353963
-2.2131501
-1.5659033
-2.9565413
-2.9184189
-1.9334351
-2.3502496
-1.8851321
-1.3267899
-0.88902786
-1.4398245
-1.8500282
-2.781743
-2.5132084
-2.7193234
-3.1253401
-3.1450405
-3.041435
-1.6355778
-1.5675296
-1.5963935
-1.5418725
-1.5173264
-1.5142291
-1.4842719
-1.4702324
-1.4770672
-2.5265803
-2.4951058
-2.8464422
-2.8994571
-2.9579705
-1.974575
-2.3936647
-1.8969725
-1.6652256
-0.23676902
-2.871784
-3.1284237
-3.3824846
-3.2022497
-3.2683686
-1.8977109
-2.356038
-2.2254207
-1.4305498
-2.2324573
-2.5182267
-2.7851063
-2.6096068
-2.5822882
-2.8327159
-2.4869697
-2.4922597
-1.9977172
-1.8575423
-1.8878572
-1.8597724
-2.752507
-1.3879938
-1.9573274
-1.8566211
-1.768838
-1.7535368
-2.4218642
-1.1278997
-1.0201431
-2.0651868
-1.8126497
-1.8678808
-1.4661686
-1.7404922
-2.9511913
-2.9561691
-2.843816
-2.8874565
-2.8668969
-2.1501755
-2.1587738
-2.4989375
-2.442635
-2.3318658
-2.1839464
-1.8960107
-1.8772005
-1.7722726
-1.7452202
-1.7322259
-1.7177713
-1.8039559
-1.9925182
-2.4971389
-2.2956876
-1.9066126
-1.8589662
-1.5465767
-2.0098582
-1.7484925
-2.4058421
-1.3682428
-1.353818
-1.2812952
-1.3813954
-1.4111142
-1.5943007
-1.4619191
-1.9304605
-2.3193446
-3.1042831
-1.6205577
-1.582003
-3.2307563
-0.076218398
-1.1950428
-1.7597305
-1.7410695
-2.5693768
-2.1636109
-2.7692253
-2.3280782
-3.1827793
-2.5581541
-1.8959006
-3.0878573
-2.4942732
-2.9543023
-2.0776423
-2.1037159
-2.7271883
-2.6903048
-2.3640595
-2.1586726
-2.0350389
-2.0875202
-1.8749155
-1.872843
-2.0560534
-2.207634
-2.2255002
-0.22841342
-0.90891351
-1.4803497
-2.5698752
-3.2550055
-2.9702187
-1.6795534
-2.0152644
-2.5245885
-1.782175
-1.7974089
-1.1421614
-1.7545815
-1.9492771
-1.8787808
-0.60996637
-0.60321824
-1.755717
-2.0058253
-2.2779954
-1.5307429
-1.7503475
-1.7275981
-3.2571389
-2.4090337
-2.0315371
-2.6302177
-1.6782585
-2.6930774
-3.1403625
-2.0941627
-2.7566078
-2.8106175
-2.9426605
-1.331809
-1.7333202
-2.5628561
-1.9064437
-2.8301142
-1.6869564
-1.717727
-1.7727274
-1.5318443
-1.5988207
-2.60603
-1.6472685
-2.1904469
-2.3053116
-2.305095
-0.32961903
-1.5681756
-1.8728502
-2.115636
-1.9453662
-2.0485281
-2.0700419
-2.0423692
-2.1421261
-2.9621649
-2.5337624
-1.5947786
-1.6239715
-1.4662805
-1.5573677
-2.7659618
-1.5330234
-1.7627937
-1.9516998
-2.2137392
-1.6687581
-1.7321107
-2.4106497
-2.3832972
-2.8803137
-0.6185972
-0.64633687
-3.3051311
-2.5768523
-1.7317523
-2.2066875
-2.1103512
-0.21138989
-2.6828087
-3.0640631
-3.0084329
-1.5965478
-1.6802115
-2.8061685
-2.9239479
-2.6758062
-1.7628788
-1.8373927
-2.8363756
-1.6035204
-1.7301964
-3.0674907
-3.3942198
-0.78340987
-2.3285065
-1.7139624
-1.6873008
-1.7282102
-2.0656948
-2.1816862
-2.0445374
-2.3341747
-2.2092302
-1.272631
-1.9646783
-2.2889184
-1.8685658
-1.779073
-2.1775394
-2.3759344
-2.1230552
-3.0127877
-2.9571795
-2.8881589
-2.3876317
-1.4510816
-1.7188344
-2.176747
-1.925409
-1.9486507
-1.9243392
-1.5682598
-2.7840236
-3.3857428
-4.819728
-1.7647059
-2.151114
-2.5176967
-2.3615618
-2.0381895
-2.4150909
-2.6320595
-3.0147226
-2.5506415
-2.0148699
-2.2744345
-3.0820785
-3.0696365
-3.0508728
-1.0345871
-2.6905616
-3.4266934
-3.211017
-3.1914668
-2.0136401
-2.1175426
-2.2394093
-2.9021112
-2.8865932
-2.9963385
-1.1673179
-2.9890134
-1.4291856
-1.6123903
-2.0368843
-2.4578351
-2.9055162
-2.9344817
-2.2835857
-1.8840908
-2.2927749
-1.7152424
-1.6947417
-2.0453448
-2.0814348
-1.8213017
-1.5310937
-1.8787997
-1.2570183
-2.0803938
-2.1122286
-1.758359
-2.5335631
-2.4772512
-1.2748667
-3.3189965
-2.8924272
-2.510472
-2.4257943
-2.4620992
-1.6200255
-2.1290644
-2.2578358
-0.85840216
-1.9519955
-2.7404014
-2.6786529
-1.0312832
-2.1000606
-3.0869737
-2.8527246
-1.8287322
-1.8149225
-1.9608642
-2.2889969
-2.2762152
-2.7545236
-5.2658295
-5.3069828
-5.3251459
-5.1128639
-5.2576944
-5.0408228
-5.0412282
-5.1666758
-5.2128099
-5.2803016
-5.2806127
-5.2598915
-5.2910787
-5.3252939
-5.116903
-5.2290469
-5.3168689
-5.3349369
-5.3534873
-5.3459784
-5.3811613
-5.0146906
-5.1151705
-5.3569933
-5.365889
-5.1030441
-5.1562286
-5.2850846
-5.3540925
-5.3883731
-4.8785861
-4.8956457
-5.0001215
-4.9856272
-5.2006229
-5.3069866
-5.3596049
-5.0891938
-5.1810746
-5.2766306
-5.3781601
-5.4206751
-5.4293768
-4.8755926
-5.024206
-5.2431543
-5.4189133
-5.4067071
-5.4312985
-5.4188111
-4.8617081
-5.1575702
-5.1654902
-5.3415496
-5.3807825
-5.4157812
-5.4478428
-5.4897093
-5.0646899
-5.1071894
-5.1551379
0
-0.95236349
-5.2132113
-5.2804356
-0.95300252
-0.95243785
-0.95255537
-5.3409504
-5.4703911
-4.7666466
-4.8126903
-4.9520717
-5.0520771
-5.3373598
-5.3905092
-5.4467979
-5.3932242
-5.4260803
-5.4726126
-4.8682438
-4.983546
-5.0275721
-5.1355236
-5.1142865
-5.2800968
-5.3768046
-5.4256702
-4.6857306
-4.640122
-4.6924382
-4.7296251
-4.7986249
-4.7945914
-4.7542969
-5.0582935
-5.0131999
-5.0827673
-5.1735391
-5.2829228
-5.3166438
-5.3574718
-5.5203871
-5.5226556
-4.7887322
-5.2437694
-5.4717163
-5.4864043
-5.4724418
-5.5215909
-5.5241925
-4.86039
-0.95242926
0
-5.4443422
-5.5490553
-5.5132308
-5.5503865
-5.5725531
-4.7127275
-4.9891347
-5.0675398
-5.0966418
-0.95266926
-0.95311813
-0.95252841
-0.9528175
-5.3391474
-5.4962289
-5.5551728
-5.5395943
-5.1896348
-5.2276656
-5.3265558
-5.424708
-5.4848954
-4.5761332
-4.5569699
-4.7147173
-4.6930611
-4.7354209
-4.7370079
-4.8007265
-5.038512
-5.2500043
-5.2980645
-5.3741482
-5.4600413
-5.5016333
-4.616991
-4.54078
-4.6839371
-4.8163489
-4.7757376
-0.95316468
-0.95263998
-5.4738166
0
0
0
-0.9535674
0
-5.5675144
-5.473798
0
-5.558844
-4.7647199
-4.8646088
-4.8293976
-4.9985167
-5.1346446
-5.5488501
-5.5136029
-5.546607
-5.5607298
-4.9152854
-5.3195405
-5.6075142
-5.6002362
-5.5951733
-5.590657
-5.6312834
-5.6029731
-4.5074143
-4.8993158
-4.4697423
-4.5034113
-4.4859755
-5.233848
-5.3487997
-5.4342199
-5.4909553
-4.4187787
-4.4520018
-4.4886809
-4.5496874
-4.7216188
-4.7702476
-4.8379729
-5.5448205
-5.6245039
-4.5026553
-4.6184204
-4.6706303
-5.0512031
-4.9380774
-5.1349376
-5.3019028
-5.6190676
-5.6185398
-5.6042472
-0.9535674
-5.6295242
-5.649352
0
-0.95367977
-5.5910527
-5.5815995
-5.5982977
-5.5936405
-5.6235785
-5.6575232
-5.6379108
-5.6225805
-4.4306595
-5.334189
-5.6485805
-4.5326449
-4.7985496
-4.9036439
-5.4208671
-5.4317506
-5.5065529
-5.5880125
-5.6382008
-4.4799426
-4.506332
-4.5995757
-4.6486744
-4.7159177
-5.0658942
-4.9760979
-5.1946375
-5.2657782
-5.3140643
-5.3590432
-5.6410136
-5.6153756
-5.6300551
-4.4195062
-4.4438585
-5.5971423
-5.6094819
-5.6633984
-5.6882975
-4.4123867
-5.47044
-5.6162709
-5.628558
-5.6401857
-5.6024567
-5.6123726
-5.619749
-5.6814382
-5.6695834
-5.651657
-0.2779858
-5.5980005
-4.5510774
-4.7989405
-4.889277
-5.0116834
-0.27798573
-0.27798578
0
-5.570631
-5.4333231
0
-5.6056562
-4.4838412
-4.6164305
-4.6817201
-4.7431172
-5.1687226
-5.2139754
-5.2736796
-0.27798578
-5.309797
-5.331438
-5.3819823
-5.4453995
-4.4306877
-4.4359651
-0.27798572
0
-0.27798575
-5.5826911
-5.672662
-5.6892031
-5.710158
-4.4155969
-4.5237683
-0.27798578
-0.27798572
-0.27798578
0
-5.7058625
-5.692345
-5.593018
0
-5.5967095
-5.6063158
-5.6759097
-5.6516218
-5.629062
-4.8166398
-4.8626521
-4.9796964
-5.2302224
-0.2779858
-5.5845263
-5.5911377
-5.6123455
-5.6176764
-4.6309946
-4.6646397
-4.6942414
-4.7962059
-5.1102797
-5.6610041
-5.6093204
-4.5540229
-4.4981587
-5.2409704
-4.9708851
-5.1449341
-5.327317
-5.3908011
-0.2779858
-5.6979712
-5.4093639
0
-5.7251721
-4.4270679
-4.4540624
-4.4806943
-4.4603129
-4.4351002
-5.5805801
-5.4209935
-5.7427069
-5.7166281
-5.732745
-5.7247602
-5.7080702
-4.4537535
0
-5.5517243
0
-5.6622218
-4.9518418
-5.5742964
-5.3277561
-5.5190611
-5.5640812
-5.5862326
-5.6165676
-5.7383347
-5.6368394
-5.6470514
-4.7303775
-4.8563972
-4.911706
-4.8624834
-5.6158856
-4.6416691
-4.5782203
-4.6804739
-4.6766186
-4.9583065
-5.2401759
-4.9760928
-4.9442788
-5.7271625
-4.5089123
-4.4748357
-4.4724615
0
-5.2688318
-5.3145313
-5.2919222
-5.7245845
0
-5.487818
-5.7362428
-5.7472214
-5.7476069
-5.7371494
-5.7180367
-4.456728
-4.4687582
-5.2865432
0
0
-4.9867863
0
0
-4.9947179
-5.7509317
-5.4080617
-5.3823695
0
-5.5696743
-5.6956749
-5.6841478
-4.4958793
-4.5085432
-5.656441
-5.6380871
-4.6129126
-4.9128982
-4.9297498
-4.9844602
0
0
-5.337379
-5.7443428
-5.3144052
-5.7368989
-5.3298365
0
-5.2892034
-4.664823
-4.7217017
-4.8408369
-4.6878567
-4.952666
-4.9894394
-5.2835555
-5.3050285
-4.6331077
-4.7019243
-4.6836612
-4.6381308
-5.3141251
-4.6130838
-4.6940159
-4.6610411
-4.6418814
-5.2948442
-4.9895656
-4.6484245
-4.8974175
-5.3064048
-5.319598
-4.7835786
0
-4.9657908
-4.9730762
-4.935661
-4.8961441
-4.9180181
-4.9411962
-4.832403
-4.9399431
-4.8627718
-4.9158233
-0.27798576
0
0
0
-0.27798579
