-2.901325
-2.9247953
-2.1579865
-2.4475693
-2.2652833
-1.9051777
-2.6118268
-3.7213608
-1.8392913
-0.36736379
-0.82054255
-2.6277648
-1.9117529
-2.8038644
-3.0789471
-3.1979863
-2.3273384
-3.0197213
-2.1101915
-2.4966245
-2.916789
-1.856395
-2.0894688
-1.9754345
-1.797387
-0.90100692
-3.276321
-1.5029301
-2.4953844
-2.77261
-2.0306754
-1.9260894
-2.1803001
-2.9226694
-3.0162769
-2.5992604
-2.7647037
-2.1302821
-2.1043747
-2.3770249
-1.4846198
-1.5762391
-1.8643217
-3.8248119
-1.7959012
-2.606753
-2.7398243
-2.963464
-2.6956652
-2.4642274
-2.5248274
-3.211038
-2.9321799
-2.6077395
-2.9991824
-3.12307
-2.2864324
-2.2734776
-2.0068078
-2.0467056
-2.3105271
-1.984356
-1.8860543
-1.8597162
-2.7630244
-2.5130987
-2.6487818
-3.4036678
-1.8404454
-2.1041541
-2.1698298
-2.2146898
-1.9926877
-2.8913715
-2.5409837
-2.3525789
-2.2446421
-2.2105024
-3.0503858
-2.9538505
-2.1674296
-2.2444826
-2.4013566
-2.0623142
-2.0655048
-1.9346532
-1.0545041
-2.1532682
-0.68040414
-0.73079603
-2.5056633
-1.6833887
-1.096338
-2.0111743
-1.5333118
-1.932165
-1.75254
-1.9844079
-2.2297324
-1.5941052
-3.1396907
-2.9007174
-3.4687494
-1.7998056
-2.2428544
-2.220491
-2.3861055
-2.2952005
-3.1115617
-2.5483989
-2.3956198
-2.5111678
-2.2150031
-2.5859339
-2.371921
-2.188433
-2.527064
-2.5828388
-3.0491435
-3.0533772
-2.0113271
-2.1889785
-2.050042
-2.058484
-2.0442389
-2.0985296
-1.8565294
-2.1323085
-2.417177
-0.82997743
-0.55648196
-0.68467129
-1.1623018
-2.1352363
-3.1376127
-2.4362061
-2.7408936
-1.3380218
-1.0525215
-1.3435424
-2.9113842
-3.0607197
-2.6516991
-2.0026779
-1.7274317
-1.7558053
-2.1128061
-2.2696123
-2.1540728
-2.0820959
-2.0080848
-3.4522405
-3.7669832
-2.8933833
-2.1478408
-2.7782362
-2.9816787
-2.9772291
-1.9732872
-2.1337977
-2.2187819
-2.6199655
-2.1026858
-1.9427687
-2.0272806
-1.7152385
-0.6084885
-0.29871895
-0.44420639
-0.77500445
-0.94155904
-2.3024598
-3.9177345
-3.4990233
-3.1925762
-3.7223502
-1.2685594
-1.8046783
-1.8731052
-1.4790893
-2.1555198
-1.9477149
-3.0556923
-2.0529361
-2.4809221
-2.5653024
-2.6187065
-2.4590025
-2.9823832
-2.3877575
-3.2863745
-2.7424463
-2.7560977
-2.4390913
-3.1116315
-3.0350502
-2.6270605
-2.9378901
-2.649603
-2.1459426
-2.4205356
-2.3225375
-2.3952397
-2.1260681
-1.9481098
-2.5227106
-2.5963999
-2.3508628
-2.6641743
-1.8457216
-1.8817559
-2.054381
-1.948688
-1.9068377
-2.8760084
-2.4466092
-2.4656366
-2.7396869
-2.9942839
-2.122403
-2.2309634
-2.1373046
-2.0623594
-2.2041751
-2.0774933
-2.3061697
-0.57721602
-1.3475135
-0.60791997
-0.61147493
-2.3156308
-2.3681763
-1.8696659
-2.2783506
-1.9225343
-1.9512002
-1.9137612
-1.7534235
-3.6925754
-3.4367029
-3.7567834
-1.8713047
-1.9266213
-2.6704085
-2.8602661
-3.1127635
-2.4817314
-2.5630856
-2.2854772
-2.8739415
-2.358851
-2.8015759
-3.1103755
-2.6251606
-2.8379748
-2.3848359
-2.3792479
-2.4931658
-2.514112
-3.0939572
-3.0844557
-2.8776993
-2.9513624
-1.9023535
-2.0372325
-1.9754309
-1.8492776
-1.8802861
-2.3679725
-2.2671563
-1.9380354
-2.1249715
-1.9832258
-1.9587911
-2.033653
-2.1576035
-1.26756
-0.99775274
-0.78695343
-0.75427949
-1.4864093
-2.0229359
-2.0003798
-2.1412229
-2.1501542
-2.2656167
-1.9593708
-2.2151052
-2.2578549
-3.2778946
-2.872894
-3.0533921
-1.9708173
-2.1174492
-1.3851625
-1.1791511
-2.8503443
-2.5568201
-3.1691615
-3.3543943
-3.328109
-3.3808308
-3.4297643
-3.3080213
-2.0554124
-2.0749197
-2.0664634
-2.3118969
-2.1832994
-2.3521301
-2.3766107
-2.5728084
-1.9575056
-2.1357646
-2.0450565
-2.0372901
-2.0345114
-3.2169487
-3.1709276
-2.9016842
-2.2357566
-2.6625646
-2.1909916
-2.1644664
-2.1048068
-2.7529765
-2.6574646
-2.8061886
-2.9375483
-2.8732172
-3.0373896
-3.2544734
-2.0145684
-2.1199062
-2.4235572
-2.3697528
-2.5610249
-2.8625752
-2.6725403
-2.834581
-2.1177694
-2.1095974
-2.1381013
-2.0799084
-2.117888
-2.1285052
-2.0674005
-2.0894549
-2.0452168
-1.9706042
-0.54069621
-0.38195193
-0.54911096
-0.33596574
-1.2036429
-0.62197075
-1.133364
-1.5673737
-1.4788512
-1.9083271
-2.1594188
-2.0828731
-2.1117299
-3.5324498
-3.6320302
-4.0911215
-3.9773528
-3.9979934
-1.7595701
-1.4063803
-1.2554952
-1.3796288
-1.2510532
-1.5668334
-2.5023418
-1.4567845
-2.1491146
-2.2132306
-2.6125588
-3.1699784
-3.3988623
-3.4378095
-3.2339846
-3.1404031
-1.8330374
-1.9238003
-2.1481823
-1.8134568
-1.7435839
-1.8965499
-1.8238237
-1.2085155
-2.1976054
-2.2853717
-2.5277445
-2.9461387
-3.1486735
-2.6424461
-2.5283196
-2.5616889
-1.1772031
-1.7930834
-1.5412933
-1.8578495
-2.4475756
-1.6941275
-2.4004823
-2.9817172
-3.2506283
-2.8813303
-2.9543631
-3.1106802
-3.0657241
-2.8428478
-2.5889443
-2.3126228
-3.2287511
-3.0387364
-3.1180836
-3.068419
-2.5696742
-2.7413455
-2.8395592
-1.9919919
-1.8847519
-2.0735798
-2.4182654
-2.049633
-2.1896079
-2.1038623
-1.9238096
-1.9899922
-1.9229267
-3.106513
-2.9730651
-2.838815
-2.7749653
-2.4639367
-3.0653259
-3.3123058
-3.2154255
-3.1633437
-1.9379327
-2.0110218
-1.8452896
-2.060979
-2.3610729
-2.1583338
-2.0450113
-2.0531075
-1.8939798
-2.8078997
-2.715999
-2.7588586
-2.329442
-2.241453
-3.0534848
-2.9883518
-3.0673543
-2.208839
-2.2478034
-2.3953221
-2.5009149
-2.0624378
-2.0599474
-2.0392064
-2.0985869
-2.0551951
-1.4509377
-0.90541609
-0.32099958
-1.3525942
-1.2919775
-0.97205724
-1.4643865
-1.0221363
-1.2434798
-1.3266882
-1.9213436
-3.0493201
-1.900659
-1.6289218
-1.3978294
-1.782685
-1.6749221
-1.6742308
-1.7751018
-2.4166203
-2.2707799
-2.8899254
-2.5458447
-2.1626496
-2.0559756
-1.9200932
-1.7727948
-2.7462105
-2.6026211
-3.0426996
-3.2218905
-3.1595159
-1.7782609
-2.3896521
-2.1155336
-1.9480702
-2.1584079
-1.8206973
-2.3779353
-1.9935984
-2.0457121
-2.3457724
-3.0015058
-3.0544258
-3.1004142
-2.9511463
-2.8287209
-2.6408599
-2.260377
-2.1723889
-2.4671832
-2.5551249
-2.3504469
-2.0428205
-2.0851296
-2.7276981
-2.452082
-2.186966
-2.1271959
-2.2099953
-2.2932833
-2.3496709
-2.3940503
-2.9006666
-2.7741298
-2.9392096
-3.0565516
-3.0609929
-3.0362128
-2.8493564
-2.8897118
-2.2388539
-2.2242729
-2.1895065
-2.1228741
-2.0731551
-1.9720873
-1.9966234
-2.0640895
-1.9009199
-1.8451978
-1.9318089
-1.8850687
-2.0319726
-2.2344448
-2.4028584
-2.5376127
-0.73672138
-0.37250575
-0.62980588
-1.1773975
-0.5153741
-2.1898338
-1.8730549
-1.4160476
-0.88093726
-1.5254122
-2.0334569
-2.2132843
-2.8565163
-2.7191266
-2.5293179
-2.4305058
-2.7954151
-2.4653201
-2.6073714
-1.919581
-2.7130002
-1.8813785
-1.3101093
-1.1839382
-2.1991478
-2.5263634
-2.6258328
-3.361857
-2.9658558
-2.8434489
-2.8193438
-2.9306074
-3.0118821
-1.8655826
-1.7402048
-1.8927021
-1.9947545
-2.030958
-2.0771936
-2.1134824
-2.017464
-2.1429181
-2.3877144
-2.1801839
-2.2606086
-2.2526734
-2.1452732
-2.0176553
-2.0987431
-2.0510253
-1.9559516
-3.670977
-3.8354702
-3.577277
-3.3989706
-2.5494763
-2.5159463
-2.8637419
-2.5528732
-2.5061765
-2.59874
-2.3440932
-2.0308967
-2.0038624
-2.2681178
-2.599747
-2.7386276
-2.738214
-3.0326345
-3.5148069
-3.5243461
-1.8230588
-1.9360213
-1.9798995
-2.1643182
-2.2197277
-2.2316304
-2.3222586
-2.5229306
-2.9403834
-3.1266487
-2.1635726
-2.1216799
-1.8865523
-2.0881257
-1.6601227
-2.0151778
-1.7501304
-1.839295
-1.7910551
-1.7583957
-0.49461245
-0.41061772
-0.74899663
-0.49430661
-1.2263803
-1.447873
-1.6469103
-2.1308644
-2.539975
-2.109122
-2.0606702
-2.4000085
-3.2110504
-3.4118666
-3.5827774
-3.6298532
-3.0281801
-1.6646636
-3.304478
-1.5669075
-1.6020441
-1.4021528
-1.4371909
-1.3979583
-1.4940397
-1.2538871
-1.2450687
-1.693214
-1.5583771
-2.1527439
-2.2012317
-2.617048
-2.3535501
-3.6994035
-3.384387
-3.7436846
-2.7977821
-2.6154623
-2.8557113
-2.4497363
-2.6125556
-2.1018388
-5.3659794
-2.0770002
-2.5736385
-2.1121809
-2.4126927
-2.5621135
-2.6362119
-2.6618845
-2.7028239
-2.7381829
-2.8819416
-1.2464803
-0.49700555
-0.9633274
-2.4711207
-2.9944415
-2.7644206
-3.5325594
-3.4381918
-3.3164262
-2.7820455
-2.9039224
-2.728083
-2.116414
-2.056415
-2.361786
-2.5147307
-2.2859944
-2.5135681
-2.2443656
-2.446167
-1.9781707
-2.540793
-2.6894924
-2.888508
-2.4199893
-2.4523407
-2.3606315
-1.8522292
-1.7736121
-1.8693852
-1.8221442
-1.9377863
-1.7625021
-2.9535789
-3.0127606
-3.0797557
-2.3708571
-2.3461196
-3.0322116
-3.0729577
-2.983042
-2.8839638
-2.5759207
-2.3639647
-2.5502644
-2.9972506
-3.0124193
-2.4709992
-2.3048616
-1.8938193
-1.977632
-1.8602269
-1.420891
-1.9796073
-2.1054804
-3.3660407
-3.0929615
-3.1839947
-1.611293
-1.5036592
-3.1240235
-3.0759655
-3.2707013
-3.4034772
-3.3765133
-2.422951
-2.6499649
-1.9656919
-2.0338879
-2.1488156
-1.99247
-3.1353816
-3.1258456
-3.0560635
-2.2330796
-2.1370776
-2.0765697
-2.0735804
-2.7530989
-2.9446197
-2.9774396
-3.0622098
-3.2065638
-3.052816
-3.1460218
-2.0421283
-2.0680709
-2.4993891
-2.4152088
-2.539037
-2.6493773
-2.0902226
-2.1197043
-2.1146116
-2.0888305
-0.60260291
-1.2789329
-0.99162349
-1.266483
-1.2903898
-3.6766865
-4.019289
-3.91365
-4.0410005
-3.911251
-1.8775739
-1.5766836
-1.3117492
-1.3987842
-1.7863834
-1.7380752
-1.5088713
-2.2814798
-2.6225061
-3.2783247
-3.4283516
-3.5521364
-3.0587376
-1.7738578
-1.7750123
-1.7140386
-1.199984
-1.851439
-2.5276832
-2.7595302
-2.6618069
-2.1405467
-1.3232866
-1.5496957
-2.5587871
-2.6416626
-3.031751
-3.0976651
-3.0194625
-2.4364656
-3.22792
-3.1511914
-3.1490106
-3.0381815
-3.0962611
-3.1299404
-3.1078293
-3.0495509
-3.2247688
-2.0446677
-2.0625571
-2.5006982
-2.4010967
-2.218157
-2.4315295
-2.1118747
-1.970659
-2.2294976
-1.8473081
-2.8903231
-2.4100241
-2.5217153
-2.3171085
-2.9492771
-3.1388926
-2.91928
-3.2145582
-3.1258241
-3.2324736
-1.8882329
-1.9822352
-1.9885783
-2.1284068
-2.1774214
-2.0206114
-2.7658708
-2.1928245
-2.3053644
-2.8697069
-2.8954253
-2.2063282
-2.221023
-2.3323861
-2.4321307
-2.0429122
-2.0904548
-2.1216366
-1.6675147
-1.9243123
-0.95136612
-0.78406135
-0.82429246
-0.9521674
-1.1325239
-2.8188546
-2.6204088
-1.9361288
-1.7563968
-1.9793731
-2.1338963
-2.0345798
-1.9927972
-1.9718955
-1.828995
-1.8575291
-1.5878379
-2.8827416
-2.9813506
-3.440928
-3.352608
-3.3408916
-3.2195445
-1.6625955
-1.9405693
-2.2000008
-2.2477283
-1.9912917
-1.7564576
-2.0559294
-2.2892085
-2.2848433
-2.1518018
-2.1170169
-1.8560824
-2.3662502
-3.1032424
-3.0270794
-3.0376709
-3.0057387
-3.0744247
-2.9434716
-3.0776724
-2.9992998
-2.8016711
-2.4495993
-2.7784677
-2.8677761
-2.7575217
-2.7784082
-2.1012488
-2.6575405
-2.3733073
-2.9810107
-2.7350936
-2.5216703
-2.3487891
-2.0915132
-2.172465
-2.2939375
-2.2621408
-2.7651278
-2.8519118
-2.8788778
-2.8180625
-2.9029728
-3.1030794
-3.0643613
-3.034013
-3.0976533
-2.0399754
-2.1373133
-1.8404276
-1.9705068
-1.9910378
-2.1430402
-2.0259388
-1.909809
-2.0723167
-1.9339205
-2.0772002
-2.1669889
-2.0772627
-2.0771503
-2.0576488
-2.076546
-2.1019776
-2.095821
-1.8497152
-2.0238211
-1.9683162
-1.9671084
-1.9559594
-1.9101865
-1.9703435
-2.3106382
-2.4201219
-0.74024871
-0.82841224
-0.93687082
-1.9656811
-1.8714647
-1.9579076
-2.020489
-1.5472596
-1.8240558
-1.8053594
-1.4739042
-1.5190048
-2.3486267
-2.3066282
-2.3771747
-2.4969512
-2.5227959
-2.4538089
-2.5668248
-2.5607067
-3.0120691
-2.8688926
-2.8432541
-3.0405456
-2.6230651
-2.4487348
-2.4030234
-2.7546905
-2.8777561
-2.6644925
-1.7917759
-1.7940229
-1.5234318
-1.0814135
-1.011397
-2.6971301
-2.4779793
-2.2499799
-2.5620033
-3.460687
-3.4046048
-3.4415262
-3.3288083
-3.2575028
-3.1353229
-3.188849
-2.9472454
-3.0473444
-2.7659661
-2.9077938
-2.9752993
-2.9106038
-3.1508561
-2.9182299
-1.9465422
-1.9325222
-2.0769912
-1.9598438
-2.0565963
-2.130133
-2.1846012
-2.1006419
-2.0477627
-2.5289997
-2.6100389
-2.7125505
-2.1869019
-2.1635345
-2.3406122
-2.0010573
-2.0084665
-2.0117981
-2.1282475
-2.0913342
-2.0374463
-3.6261211
-3.3805629
-3.1164056
-3.0157896
-2.7773602
-2.8028125
-2.5343141
-2.1365851
-2.1687993
-2.2984585
-2.1577276
-2.2316613
-2.150909
-2.0028849
-1.9887643
-1.9923626
-2.4207751
-2.7341804
-2.8634371
-2.9177498
-2.8370242
-2.748289
-2.6908177
-2.8449515
-2.9524366
-3.438732
-3.4272253
-3.3331922
-1.8939998
-2.1103458
-2.0796594
-2.466452
-2.8403887
-2.9768813
-3.2955966
-3.4844769
-2.1622252
-2.1294713
-2.0409172
-2.0634709
-2.0691178
-2.0232247
-2.0495833
-1.9663786
-1.8711802
-0.36114913
-0.42485295
-0.65987183
-0.79713961
-0.98096687
-0.56723029
-0.35455522
-0.67734899
-0.99218063
-1.5215375
-1.2376926
-1.5033574
-1.6716037
-2.4635587
-2.3222245
-3.6663669
-3.4681715
-3.7140217
-3.4039916
-3.7134707
-3.802354
-3.849804
-3.680487
-3.8036953
-3.430832
-3.4961703
-1.2518145
-1.3089377
-1.4719852
-1.3262477
-1.3939097
-1.5787269
-2.0372534
-1.7996419
-2.0333916
-2.2205201
-3.0393608
-2.774425
-2.7897311
-2.8685302
-2.617048
-1.6425049
-3.2027381
-3.8592512
-3.6737802
-3.3551567
-3.5133758
-3.1726402
-3.1245827
-2.4009517
-2.7235389
-2.5166055
-2.4629103
-2.4845081
-2.199948
-2.0844155
-2.0721669
-2.0483778
-1.8852608
-1.955522
-2.0185756
-1.7400741
-1.6936235
-5.3014539
-1.981289
-2.244101
-2.110256
-2.0280191
-2.6263828
-2.4379162
-2.4524988
-2.6011707
-2.7299889
-2.6219081
-2.4924508
-2.6640721
-2.6580975
-2.6796907
-2.6754114
-2.7563894
-2.5894397
-2.3901856
-0.58959177
-0.49408698
-0.77256864
-1.9578436
-2.1566625
-2.6986401
-2.1099938
-0.74648488
-2.2127744
-2.8920781
-3.1885254
-3.2647081
-3.3463455
-3.6119902
-3.4661082
-3.0660635
-3.1533813
-3.0738655
-2.9336061
-2.9540934
-3.0611165
-2.7302963
-2.8898511
-2.2632502
-2.4852008
-2.269364
-2.0084047
-1.9040932
-2.6506621
-2.7354521
-2.5418554
-2.7133668
-2.6111342
-1.8183528
-1.828347
-1.9981015
-2.0793201
-2.3979174
-1.8669718
-2.0602092
-2.6481404
-2.7062554
-2.9061144
-2.2608573
-2.4474005
-2.0401011
-2.0616942
-2.0933552
-0.86996852
-2.1592768
-2.1393131
-3.3374465
-3.6110991
-3.3177941
-3.6651675
-3.6769027
-1.8489905
-2.6338287
-2.8794397
-3.0495122
-3.1231679
-2.8745097
-2.6937449
-2.6118926
-2.5899175
-2.9730758
-2.8258935
-2.6027397
-2.3684072
-2.5259169
-3.070818
-3.0504084
-3.1007424
-3.0405682
-2.9383105
-2.2827529
-2.2057677
-2.1835911
-2.186635
-2.3137791
-2.2631638
-2.1905944
-2.0846904
-1.9689092
-1.8914694
-2.0353916
-1.9814569
-2.0938226
-2.2213658
-1.2478436
-0.85988288
-1.3267024
-1.9731734
-2.0076426
-2.3070868
-2.359715
-3.1430432
-2.9805656
-2.8891571
-2.2663497
-2.5901345
-2.9315742
-2.9479839
-3.3836605
-3.4517789
-3.4426751
-3.4271536
-3.2213112
-3.265705
-3.3784995
-3.3228722
-2.0363847
-2.0963587
-2.0498874
-2.0279181
-2.1993017
-2.3117323
-2.4660143
-2.0395751
-2.0494354
-3.326759
-3.3186747
-3.2722602
-3.0969664
-2.6264356
-2.9399047
-2.3363381
-2.1689238
-2.5671116
-2.3329017
-2.4620964
-2.6447351
-2.8861194
-2.9030145
-2.8361698
-3.0537804
-3.1740631
-3.1608706
-2.0531631
-2.2008908
-2.3734147
-2.3254136
-2.4708737
-2.6131903
-2.7906732
-2.6917973
-2.8389863
-2.1039995
-0.66559214
-0.45254455
-0.46144254
-0.85802745
-1.049307
-1.3153015
-1.6599862
-2.1918674
-2.3624905
-3.1171243
-3.1128644
-3.9437712
-4.0736756
-4.0336314
-3.9454385
-3.8182672
-1.4396106
-1.7377685
-1.2958867
-1.8314137
-2.0010689
-2.3218161
-2.948781
-3.5876951
-3.784952
-3.6339432
-3.2278073
-2.0582181
-2.1809972
-1.9955288
-1.9406419
-1.873791
-2.0333278
-2.4782585
-2.1954276
-2.3493799
-2.4475215
-2.7407709
-2.545162
-1.1389352
-1.6870268
-2.1464114
-2.3214223
-2.4495621
-2.8038265
-3.1192393
-3.1494619
-2.9229032
-2.7701407
-2.3369743
-3.1678929
-3.1728361
-3.0904492
-3.0746828
-3.1523916
-2.6229577
-2.9900507
-2.8171384
-2.993512
-1.9014007
-1.862412
-1.9475501
-1.8606702
-2.1119725
-2.2362135
-2.1615691
-2.1767227
-2.0770968
-1.6422251
-2.0211652
-1.9206224
-2.0182826
-1.9893964
-1.8984542
-1.842321
-1.8274946
-3.1272744
-3.112607
-3.0634276
-3.0787661
-2.6913623
-2.6746089
-2.6756488
-2.1947397
-2.0227431
-3.1238541
-3.2362437
-2.9449916
-3.2867415
-1.956565
-2.0374749
-1.9757516
-1.9493693
-1.9456356
-2.6743218
-2.447569
-2.2041756
-3.0320913
-2.9931857
-2.1010588
-2.2396272
-2.2935368
-2.3295104
-2.4579167
-2.5171718
-1.2485714
-1.2880765
-1.6327731
-1.2930963
-1.8713231
-1.2721252
-3.4788152
-3.2072278
-1.930448
-1.7200168
-1.615919
-1.6036066
-2.3083625
-2.5849996
-2.0859994
-2.0671003
-2.0860678
-1.8411348
-2.636164
-2.6763121
-2.8174403
-2.8761359
-3.2584089
-2.8546927
-1.7182655
-2.595932
-2.6144357
-2.8702611
-2.8611536
-3.0394038
-3.1103595
-3.1010801
-3.007994
-3.0814264
-2.9795409
-2.9920283
-2.8748053
-2.6885492
-2.3186636
-2.4287447
-2.0319692
-2.8377025
-2.3561087
-2.400027
-2.5359686
-2.5865499
-2.7665028
-2.9885572
-3.0678699
-3.0768664
-2.9896377
-2.3479916
-2.5400182
-2.4304447
-2.3208837
-2.1828496
-2.0105191
-2.063948
-2.0682601
-2.0531142
-2.0305393
-1.9595675
-1.8862242
-1.8513789
-2.1153101
-1.9721225
-1.8722588
-1.8983367
-2.2569384
-0.29728214
-1.2916948
-0.70440103
-0.96167492
-1.7342327
-1.8319165
-1.8531892
-1.2503052
-2.2699006
-2.5098102
-2.7625567
-2.6772924
-2.5878668
-2.6117287
-2.4947944
-2.2524972
-3.0570363
-2.8755003
-2.6848193
-2.3432882
-2.5223029
-2.140817
-1.6097286
-0.97487334
-1.2794776
-1.2108073
-0.78619076
-2.3093425
-2.3687308
-2.6835821
-3.28296
-3.2788835
-3.1809774
-3.4037862
-2.7674272
-2.7640452
-3.1345265
-3.0204032
-2.8411914
-2.0292099
-1.8291793
-1.9024882
-1.9785907
-2.0598012
-2.1116058
-2.1363462
-2.0909094
-2.0500898
-1.9926955
-2.2765315
-2.2747997
-2.3733973
-2.0297124
-2.0575588
-1.980022
-3.7004606
-3.7856394
-3.8386854
-3.7297023
-3.7508753
-3.7815947
-3.7704673
-3.6619922
-3.4629636
-3.5779698
-2.8173205
-2.7226007
-2.729433
-2.6779342
-2.1450644
-2.6482793
-2.0414555
-1.9972934
-2.4048198
-2.775016
-2.839938
-2.8050592
-2.7295765
-3.2060233
-3.4061216
-3.6127651
-3.6531118
-2.0505641
-2.1717829
-2.2811924
-2.4520994
-2.3521385
-2.520367
-3.0676683
-2.0688035
-2.0856901
-2.0501153
-1.9351429
-1.693036
-0.37511343
-0.36977204
-0.61957273
-0.29584534
-0.94312583
-1.6496201
-1.0657124
-1.112828
-1.7338303
-0.54527292
-1.3842109
-1.5612645
-2.1974939
-2.3113028
-1.896798
-2.0817275
-2.7903971
-2.91858
-2.3670796
-3.3664171
-3.2144442
-3.8754301
-3.3997349
-3.1624336
-2.871095
-3.1134962
-1.6198579
-1.992292
-1.3402082
-1.5387945
-2.476521
-2.4505994
-2.6052702
-3.817156
-3.6359099
-3.6462348
-3.5464683
-3.3146566
-3.352847
-3.057642
-2.8953786
-2.5674638
-2.8797234
-2.334375
-2.3075842
-2.215354
-5.3180136
-2.0068623
-2.0850729
-5.597061
-2.1787385
-2.7360799
-2.444143
-2.0303074
-2.1965378
-2.2619568
-2.4864078
-2.5646612
-2.6497718
-2.6505065
-2.61476
-2.8237798
-2.8546219
-2.6353778
-2.7496137
-2.7876342
-2.8657723
-1.7052866
-2.1612333
-2.8173087
-2.9979365
-3.280039
-1.8945325
-2.5812323
-2.8798287
-3.6682169
-3.7873031
-3.7995838
-3.7265089
-3.5748309
-3.287991
-3.0510667
-2.8179237
-3.0113817
-2.2140569
-1.9134345
-3.1356583
-2.4222276
-3.2491657
-2.1048329
-2.0683252
-2.1041552
-2.1041552
-0.75189094
-3.2311578
-2.6510855
-3.0438918
-2.7865555
-3.1934632
-2.1099203
-1.9643345
-2.3515287
-2.2587682
-2.1555963
-1.8813775
-0.84140608
-2.2965924
-1.0221319
-2.1985975
-3.3667424
-3.4227898
-3.1230522
-2.3321541
-2.5281663
-2.4086027
-2.5111675
-2.3728973
-2.259486
-3.126338
-1.981861
-2.0016602
-1.9027782
-1.9579462
-1.0716916
-2.4296822
-1.5637766
-3.24947
-3.4523105
-3.4504524
-3.0918385
-2.9844382
-2.0057879
-3.5187076
-1.985749
-1.9939149
-1.9612046
-2.9120303
-2.8493069
-2.140053
-2.7284905
-1.6125566
-1.7315362
-3.9322257
-3.8625596
-3.7196295
-1.8851594
-3.0603414
-2.9956584
-2.2572133
-2.4557111
-2.1757139
-2.1811271
-1.9797336
-2.9642864
-3.3022122
-2.1028651
-2.1509532
-1.9059896
-2.8888325
-2.9019556
-2.1188041
-0.81453784
-0.59985869
-0.81453784
-1.0529352
-2.5150388
-3.08214
-3.0685959
-1.8756189
-2.3638419
-1.9409969
-1.9149981
-2.0442738
-1.4067383
-2.0651169
-3.0391466
-2.9835684
-3.1624933
-3.4306173
-3.416727
-3.3588239
-2.7777017
-2.9448398
-2.3693902
-2.365983
-2.5349041
-1.7251363
-1.5770021
-3.4266257
-3.7801997
-3.6410876
-3.9971018
-3.9277243
-2.6995555
-3.3231922
-3.5302791
-1.9447411
-1.8996543
-2.2410866
-3.0108355
-2.7805121
-3.2360153
-2.4048124
-2.194322
-2.0781345
-2.4342373
-2.5912649
-3.2058512
-3.0441751
-3.1569478
-3.2418985
-1.9799643
-2.187767
-2.656979
-3.0557682
-2.9740422
-3.0474236
-2.2118147
-2.2448169
-2.3799078
-2.0476386
-2.1879515
-1.8703945
-0.96663542
-0.8953454
-2.1585965
-2.6022526
-3.3018617
-3.3299467
-3.0891926
-3.1948648
-3.2190256
-3.0787069
-2.6683556
-2.5053346
-2.6182867
-2.4451817
-2.4057017
-1.9389099
-2.0990863
-2.0467887
-2.1109516
-1.9057593
-1.8448845
-1.85702
-1.8784069
-2.0418677
-1.9115941
-1.9393389
-1.886108
-2.2417851
-2.3068633
-0.46517327
-0.57376416
-1.7697482
-1.8668416
-1.5904152
-1.7323237
-1.7398179
-2.2126351
-2.2384659
-2.2274635
-2.5197209
-2.4294997
-2.7155305
-2.3951104
-2.523724
-3.1878337
-2.3138268
-2.0215636
-2.3165452
-2.2309352
-2.323298
-2.5734218
-3.3122681
-3.2589085
-3.1870147
-3.1427505
-2.9543304
-3.0382345
-3.1142433
-2.9557486
-2.971678
-3.1829839
-1.941184
-1.9555145
-2.2254326
-2.4610596
-2.367125
-2.1933141
-3.7296413
-2.8375585
-2.8271744
-2.210605
-2.2578868
-2.169263
-2.2898717
-2.4325087
-2.4262029
-2.6955269
-3.6057766
-1.8188718
-1.9165829
-2.2229381
-3.1821996
-2.0052757
-3.2084663
-3.0039166
-3.0221145
-3.9405905
-3.5279389
-3.3819697
-3.3148284
-5.1409084
-1.5461096
-1.5583771
-1.3534637
-2.4823598
-3.4459365
-2.359294
-2.1328637
-2.1448146
-2.4863882
-2.3571386
-5.8065112
-2.1535173
-2.1188246
-2.5714959
-2.0262253
-2.2587713
-2.3262759
-2.2496222
-2.5004473
-2.52169
-2.670866
-2.6668629
-2.464433
-2.894728
-2.8734567
-2.3840984
-2.8181082
-3.7535319
-3.4070267
-3.4398476
-3.5687699
-3.4460142
-3.3806104
-2.2287556
-2.2533253
-2.3578484
-2.3247931
-3.0351513
-2.3494113
-2.2499341
-3.0988986
-1.948633
-2.8558927
-2.8340847
-2.9456538
-4.0228906
-1.6808334
-1.836741
-2.5822337
-2.8520886
-3.1883203
-1.9217163
-2.9124465
-3.0859512
-2.1039794
-2.1543355
-2.0923006
-0.95662694
-1.0707339
-1.9200144
-3.0388242
-2.8496799
-2.731067
-2.3963283
-1.8874262
-1.7314101
-2.7947415
-2.2952042
-2.1579488
-3.3560285
-3.2675102
-2.3226506
-2.1975104
-2.2002416
-2.2013839
-2.3772346
-2.1233745
-2.0486575
-2.0618951
-2.0744293
-0.69269337
-3.6548661
-3.6465102
-1.6048342
-2.0038827
-1.512507
-5.2500355
-1.8857091
-3.2693767
-2.6367733
-5.4479153
-2.1186095
-2.0618707
-2.4799844
-2.6756653
-2.7117367
-2.7279774
-2.5028238
-2.4142746
-2.6832432
-0.58944638
-2.601224
-3.4072311
-3.3478754
-3.2123333
-3.1612129
-2.5802238
-2.0742659
-2.018861
-1.8903403
-1.9266005
-3.5801764
-3.5645634
-1.9270537
-2.1496528
-2.976155
-1.2624371
-2.9284026
-2.3308031
-1.6816202
-3.0541427
-2.7701709
-3.8263624
-1.4722531
-2.5494969
-2.4698117
-1.989045
-2.4804497
-2.6333304
-2.9306079
-2.1442909
-2.0528991
-2.0439564
-3.2157333
-2.6473084
-2.6441842
-2.5804642
-2.8636321
-2.4584331
-2.9039818
-3.0813107
-2.6513799
-3.1629645
-3.0484079
-2.6826984
-2.7164699
-2.5685619
-2.5346721
-1.9813808
-2.3099247
-2.2740364
-2.8463646
-3.060518
-2.1352427
-2.3717987
-2.5326048
-1.8115741
-1.1989899
-2.3355481
-1.4937648
-0.41470695
-2.2970975
-2.4341279
-3.2809073
-3.2458464
-2.6263612
-2.0117192
-1.7642644
-1.978926
-1.9227443
-3.7332099
-3.6454951
-3.2961864
-2.7285792
-2.7779689
-3.1899367
-2.2506325
-3.0394766
-3.1491167
-2.1055018
-1.7260156
-1.6046475
-2.0888448
-2.0809079
-2.3526416
-2.4268711
-2.3746546
-3.1665117
-1.649221
-3.6847214
-2.7052645
-5.6567336
-2.2203234
-2.3563895
-2.6224948
-1.2023761
-2.626528
-1.9372642
-3.9175634
-2.9576598
-2.1511722
-0.3243235
-0.36051031
-3.0414216
-3.0222225
-1.9884079
-2.0945664
-3.0783182
-2.924586
-2.9383942
-1.5986535
-3.3236211
-3.296282
-2.4809507
-2.7191477
-3.5755601
-5.4490868
-2.1000437
-2.0812043
-2.566284
-1.8666354
-3.3420467
-3.3669099
-3.1550174
-2.3988758
-3.0900518
-3.0051397
-1.6640117
-2.0627502
-1.865495
-0.76407777
-3.738015
-3.6203793
-2.2630258
-1.9021252
-2.1740939
-1.9936865
-2.1492322
-2.7674789
-3.0497264
-2.9436527
-3.3628253
-2.7877355
-0.78596266
-3.0296724
-3.1237126
-2.5906467
-3.2248521
-3.1275463
-2.2731369
-2.2320698
-1.0301959
-2.7361586
-0.63097178
-3.1168465
-3.1013321
-2.7089323
-2.3891748
-2.609438
-2.8570752
-3.7767918
-3.1524404
-2.4004848
-2.1318736
-2.536645
-3.6923451
-2.472611
-3.7891619
-4.0706618
-4.0781471
-1.9170519
-2.0187945
-2.226654
-2.9894637
-3.1082409
-1.9720097
-2.7362508
-2.6433825
-1.0781495
-1.7918581
-3.2212918
-2.3169435
-3.0306724
-2.1464626
-2.1223213
-2.0979273
-1.9496779
-2.4474702
-2.1797359
-2.0719029
-2.4089233
-2.2714259
0
-3.3364351
-3.2360253
-2.9087969
-2.7189503
-3.8937912
-3.8485754
-1.5772875
-2.0524892
-3.0541582
-2.2890763
-1.860113
-2.5249974
-2.9645719
-2.6451536
-2.6490213
-1.95638
-3.3669437
-2.0086836
-2.7357632
-1.1026468
-2.8950237
-3.5654989
-2.3208032
-2.7856757
-2.2984225
-2.1480092
-2.8818757
-6.389049
-6.4204542
-6.1827382
-6.3154123
-6.3595721
-6.3255627
-6.2269356
-6.1818304
-6.3657693
-6.3379824
-6.2769335
-6.1236294
-6.375648
-6.467294
-6.4812319
-6.4925693
-6.4041608
-6.4599743
-6.5114414
-6.2022984
-6.3372811
-6.5409895
-6.1213051
-6.3362935
1.3034972
1.3034972
-6.4625089
-6.501704
-6.614056
-6.622796
-6.4945812
1.3034972
0
1.3034972
-6.615463
-6.5829465
-6.614555
-6.0344994
-6.0123194
-6.1787626
-6.1621566
-6.2609788
-5.7449372
-5.7893855
-5.9288571
-6.353295
-6.4023632
-6.4388017
-5.8176565
-6.4628625
-6.5043571
-6.5470246
-6.6805045
-6.0625775
-6.6940063
-6.692244
-6.213284
-6.2858461
-6.6153166
-6.6678458
-6.0921613
1.3034972
-6.1404834
-6.7289881
-6.3804475
-6.4632481
-6.6901694
-5.5134724
-5.4577697
-5.738378
-6.1630764
-6.2952454
-6.5904658
-5.5372049
-5.6871443
-5.8707257
1.3034972
-6.7945241
0
-6.6106483
0
1.3034972
-6.7239639
-6.7699658
-6.7484789
-6.0076358
-6.0614966
-6.7038973
-6.7754133
-6.6811635
-6.7945741
-6.7595754
-6.8223594
-6.8026602
-6.174093
-5.1435018
-6.2323415
-6.7365452
-5.0458916
-5.1819761
-5.252684
-6.1069867
-6.4201198
-6.5123794
-6.5962472
-6.546698
-5.3771252
-5.5830571
-5.6541457
-6.2223587
-6.7212891
-6.7877469
-5.2947556
-5.3705975
-5.8585315
-6.0197164
-5.984159
0
-4.9904754
-5.1307947
-5.847279
0
-6.9104921
-6.8284033
0
0
-6.8402158
-6.8114632
-6.8190901
-6.8098353
-6.8285945
-6.8558739
-6.8755855
-6.8402091
-6.8616196
-6.8575468
-5.2789855
-5.4917539
-5.9758761
-6.1654555
-6.6533287
-6.7340897
-5.1258161
-5.4330317
-5.7451038
-6.0997185
-6.1495767
0.096549775
0.096549775
0
-6.8001174
-5.0175228
0.096549775
0
-6.8647846
-4.9728189
-4.9391987
-6.8978654
-6.914288
-6.9196662
-6.7740803
-6.9031036
0.096549775
-6.9448543
-6.9088479
-5.5632022
0
-6.9731559
0
0
-5.1938165
-5.312054
-6.7559376
-5.8581898
-5.9335985
0
-6.8386552
-6.8523417
-6.8853777
-5.0091253
-4.8984255
-5.0687214
-5.4190381
-5.4545825
0
-7.0001315
-6.958498
-6.9330837
-4.8970697
-4.9599593
-4.9627463
-4.9126719
-5.2214312
-6.9925946
-6.9526328
-6.9726788
-5.7816273
0
-6.9422309
0
-7.0128419
0
-6.9579289
-5.3009124
-5.3737264
-5.4450456
-5.3843644
-6.9919238
-7.0307663
-5.1973599
-7.011039
0
-5.363783
-5.1145961
-5.0762319
-7.0019085
-6.9800939
-5.1147058
-5.3424421
-7.0714536
-7.0562017
-6.9924153
-7.0693851
-7.0545809
-5.3144205
-5.3359279
-5.3285956
0
-5.1768834
0
0
-5.2190955
-5.2948271
-5.3259712
-5.2248256
