-3.1062894
-3.7125502
-0.60859798
0.21227954
-3.9928254
-3.5574805
-3.2428518
-3.0200178
1.2239796
2.4124289
-1.9567303
0.54572513
-0.64174808
-1.0659286
-1.8727381
-2.2008102
1.8602814
-2.7585483
-2.62614
-2.3582366
-2.5431577
-2.8448454
-1.9410268
2.2652146
-2.8565389
-0.93496657
-4.9160598
-0.54895188
0.69974392
-0.90545942
-3.3060717
-2.5256402
1.8987989
2.6998028
2.1220113
-2.3912502
-1.2560168
-2.9606807
1.1056329
-1.570177
-3.0287901
-1.7210103
-1.5863625
-3.5613618
2.6635971
-1.1647926
-2.4075948
-4.2636412
-2.6705209
-1.7139495
0.26015347
-1.5538272
-0.29625177
-1.2314308
-1.946666
0.058192744
0.23537116
1.2318982
2.2537952
0.69554529
-0.39933386
-1.3781048
-1.5755555
-2.4953376
-1.678327
-1.7977813
0.73240834
-0.72056911
-3.7428604
-3.162104
-4.9392961
-1.6841746
-3.3386866
-2.9290597
-0.059627336
0.0049523895
1.5397313
0.32038006
1.2970428
1.5332446
-3.1571861
-4.0564863
-3.7750526
-2.9528494
-1.3561862
0.58700363
-3.1589806
0.28150108
-3.6266734
0.92677093
-3.1675831
-3.4170564
-3.5586856
0.38405591
0.63837108
-1.7002788
-3.1917995
-3.264747
-1.6520881
-0.21438622
-1.7820854
-0.9758756
-0.69244941
-3.3597995
-0.99433636
-3.9171612
0.49373574
-3.7091577
-1.2087707
-1.5966119
-3.1902384
-0.28511769
-0.67815487
-1.8711194
-2.0938867
-4.0334553
-3.7686569
-2.9237607
-2.9890519
-1.6624031
-1.2391154
0.42238733
0.25790878
-0.11122957
-2.9354201
1.1764166
2.8315264
-3.1601308
-0.070090616
0.94246751
-3.4618049
-1.6344772
-0.1067987
-1.5839981
-1.8750773
-2.4267419
-1.3891154
1.6400398
-2.627304
0.13229101
0.12466691
-4.3139911
-3.2874716
-2.5533087
-2.1821661
-2.8975976
-0.55535116
-1.8410724
-1.8324487
-0.6612224
-1.2621937
-0.30610104
-2.8084393
-3.3076066
-2.9722464
-1.5205005
-4.4453587
-2.1443785
-2.7447705
1.1365879
-2.6254215
-1.6480653
0.37351826
2.138015
1.2771035
-0.91163659
0.2046751
-0.90759129
2.385517
-1.7363403
-1.661813
-1.4049134
-0.97181857
-0.90960041
-2.3497044
-1.7522209
3.1771931
-1.0652979
-3.5983598
-3.8419529
-0.12535632
2.4738554
0.57266953
-2.0943992
-2.5705551
-1.2902705
-0.15445505
2.8285154
0.40427012
-1.7630054
0.82905037
-3.1672797
-3.1662053
-1.9471784
-3.2177981
-1.6838058
-1.4039135
-1.5202578
-2.6108649
-2.2392503
-3.5850335
0.049518911
0.33920762
3.7234562
1.3043133
-1.0271217
-0.09098028
1.3126007
-1.603955
-0.16109353
0.096759022
-0.23125822
1.1840485
-2.8951259
-1.1447033
-1.4190699
-2.075936
0.22988697
-2.9881038
-3.1513517
-1.4132924
-0.81175438
-2.5252166
-1.034139
-2.1870372
-2.1005249
-2.4433582
-2.2451966
1.1392084
-3.9316652
-3.1577778
-3.4784863
-3.8212675
-2.2174438
-3.4043551
-1.9809533
-1.1792252
-1.9729943
-3.144714
-2.588916
-1.4812683
-3.1761211
-2.3604677
-2.528252
-0.39581491
-1.1404739
-1.4189561
-2.7521534
-2.0324805
-3.0363358
-3.099656
0.019593011
0.47353738
-1.3154187
-0.25443626
-0.54669899
-0.60681026
-0.54682149
-4.5301752
-4.6989123
-2.9459416
1.6108052
-2.8719769
-2.029974
-0.6172406
0.051041905
-2.8609523
-2.2654457
0
-3.5685591
-2.3722802
-0.14212999
-0.07740847
1.1027227
-1.5013302
-1.4299613
-2.7971872
0.092775127
-1.5770261
-1.8119103
-0.77187074
-1.3766542
-0.7650309
-2.6060558
-0.85309526
-0.70372854
0.4311708
-0.71912122
2.8661065
-3.2491521
-3.9689
-4.1377841
-3.291356
-3.9191793
-2.2345163
0.39189861
0.33297668
0.6259711
-1.6149965
-1.4919577
-3.2217104
-3.3191669
-0.8894644
-0.93870862
-0.589997
-4.1162299
-1.9627058
-0.92034832
-2.1431368
-2.1438789
-3.5941482
-2.4056208
-3.2627209
-4.2484145
-4.3450046
-2.1429387
-0.24793785
2.3264983
-0.10084586
-0.63546532
-0.58824424
-1.6483741
-3.1602962
-3.3142904
2.1048183
1.4765264
1.5762287
1.1765198
-2.5281224
-3.3526568
-2.2026863
1.0260019
2.4019681
3.2025667
-1.8685742
-0.301097
0.30000152
-0.91540218
0.52052067
-1.1677409
-0.72635357
-3.29946
-4.0323886
-3.2882759
-2.6985344
0.18652411
-2.4812987
0.24028239
0.0030516291
-0.66723624
-1.2360309
-1.0504244
-2.876798
-2.8395356
-4.3713443
-3.0449426
-1.3925672
-1.2750706
-0.50938199
-0.23853396
-0.59925313
-1.5471049
-3.8538987
-1.6653127
-1.4016339
-1.288946
-1.6255918
-1.6206965
-0.34642784
-1.7143524
-2.5310978
-1.2654895
-1.686507
-1.7809636
1.8617932
0.51153087
1.358594
2.7680758
-2.495837
-4.0333742
-2.3099573
-3.1956094
-4.4486358
-4.4702683
-4.0625867
-3.7187481
-4.2129431
-2.0436944
-2.4213626
-2.5193982
-1.906677
-1.2108541
-2.5305178
-2.4246357
-3.0931337
-3.6844833
-4.0420517
-2.6008427
-0.92270345
-1.2641518
-0.68203411
-1.0406447
-1.3704212
-0.84652654
-2.0412915
-2.4573976
-1.3609947
-0.80021073
-0.86316098
0.78463927
1.3631544
-0.76083963
-1.1510887
0.75219554
0.7356451
-3.0454025
-1.9438121
-2.4463142
-1.1297706
-3.110492
-3.762367
-2.6505162
1.3300482
-1.3940266
-1.418114
-2.5377012
-1.8768106
-3.2176519
-2.2169134
-0.19071624
-0.42585538
1.4524865
-2.5580569
-0.89910312
-4.3016721
-4.5816303
-1.6333233
-1.2884013
-2.8802965
-1.192145
-1.8756325
-1.4557556
-0.76275292
-0.94986393
-1.4821906
2.2531812
0.47938597
1.2174099
2.3408313
-0.78551167
-3.3205198
-1.5078405
-2.9232358
0.83149795
1.6892514
1.8222716
-0.3442177
-2.2756235
-2.7517809
1.5718048
-3.8544743
-1.9201292
-2.6495408
-2.4940892
-0.54505959
1.2158157
2.3307762
-1.9336412
-1.470942
-1.0449446
-1.7159431
-3.9640953
-3.7230343
-1.6263097
-1.8331964
-1.2642583
-2.3278884
-1.8813092
-1.2517887
0.095651037
-1.9947225
-2.4636064
-1.1858333
-1.3126185
-1.064785
-2.6053889
-2.2539228
-1.8488044
-2.445403
-4.4015446
-5.0340518
-5.0263565
-3.449254
-1.5158196
0.02637098
-1.8152191
0
-2.2133753
-3.3311831
-2.1179809
1.8307372
2.1764599
0.10400533
-0.40369838
2.0608076
-0.24255285
-2.3347003
-2.3332248
0.38332496
0.11284412
-3.5413058
-2.0854593
-1.0510864
-1.690013
-2.3594308
-2.8653842
-3.4933286
-3.2716757
-2.7567026
-2.3810059
-0.069280528
2.0574571
0.59905984
0.15588695
0.17423587
-2.6345612
-3.4656063
-0.95038327
-2.1008047
-3.7195888
-3.4584324
-2.5380587
-2.6656572
-4.0915858
-1.5339586
-3.4376647
-2.2589341
-3.957607
-3.2198557
-2.2652126
-0.95368443
-0.86876963
-2.1464213
-1.6619843
-1.8133428
-1.5340179
-1.4116221
-0.040888775
-0.29821535
-0.49611029
-0.50821326
-1.6397123
-2.6859781
-3.0406924
-3.5683333
-3.7825565
-2.8352386
-3.8181091
-3.0640638
-0.48354372
-2.2546517
1.3779464
-2.3768851
-3.6294453
1.8729457
2.7388715
1.7169741
-3.9845057
-1.3223939
-3.3811169
-2.0907252
-2.1156871
-2.0886233
1.2058707
-2.4674715
-2.735374
-1.5306393
-1.59657
-2.5832973
-1.264505
-0.62554736
-0.89619638
-0.80042718
-0.68132476
-0.32707329
-1.3461921
1.4239807
-3.2670155
0.20543838
-1.1198705
-1.3611757
-1.2465353
-2.4689248
0.71621659
0.51137477
-0.19011516
-2.5481331
-1.3509671
-4.2905454
-3.3811007
-2.6535014
-4.3285129
-3.5318142
-4.3621285
-3.5712766
0.63165496
-0.51071551
0.28702344
0.24306227
-2.1758269
-0.66557308
-1.7263829
-1.5298998
-2.0025284
-2.2645802
-1.5946062
-1.5416138
-1.4778238
-1.576425
-1.6000844
0.15886465
0.59977119
-1.4820606
-0.27917107
-2.755188
-2.9998445
-0.84892387
-3.3960445
-2.3748557
-0.54996586
-1.3325012
-2.4652807
-2.903825
-3.1071871
-2.6733474
-2.8668425
-0.51258905
-2.7629652
0.2317755
-1.1595364
-2.5192175
-3.2484232
-2.875222
-3.4439249
0.16904469
0.86744098
1.7826682
2.2602288
2.6726307
1.7245804
1.9654481
-2.6928426
-3.4046498
-1.4829157
-1.4925257
-2.6484205
-2.317307
-3.4419796
-1.9217547
-0.34595259
-1.0455687
-2.4894663
-2.0573793
0.51105448
-1.7706278
-1.9987695
-2.8048982
-1.1555798
-3.775445
-0.42542728
-0.38200768
-0.098632999
-0.92914576
-3.8285645
-2.8977066
-2.7157647
-1.6177086
-3.0034731
-2.279675
-3.1337431
-3.1816836
-2.7854418
-0.40511244
-4.7467833
-3.9909381
-3.7769869
-3.5202513
-0.65120367
-1.9397037
-2.3472096
-1.9189736
1.8489306
-0.20862477
-1.5530856
-1.9293734
-2.33219
-5.6576845
-5.1205296
-1.8689151
0.085344812
-1.4374449
-0.81073797
-1.9769847
0.1608233
-1.6032335
-2.258807
-1.5737286
-2.6163594
-1.3306984
-0.71933181
0.427867
-2.4428119
0.74726954
-0.21479804
1.2561037
-4.1435839
-4.0952187
-3.9197604
-4.4980679
-5.069241
-3.0171823
-3.7047041
-2.7121509
-2.3478292
-0.54773142
-1.2117951
-2.214037
-3.0728599
-2.0198984
-2.2007616
-3.7391883
-2.0684353
-3.4857721
-3.6097217
-3.6542049
-2.820534
-1.8131509
-2.6699987
-3.313789
-2.3448121
-0.049835051
-1.2418609
-3.8103454
-3.3500023
3.3871286
-3.6604594
-2.7108338
-2.142961
-2.6782846
-1.5939414
-3.8905876
-3.4145241
-0.19266305
-3.3692085
-3.1383309
-2.0244229
-3.5637243
-0.76538877
-0.8328114
-0.17917502
0.28551102
-1.6096884
-3.1969213
-0.94617566
-2.5831625
-4.174997
-4.9406499
-4.5640502
-4.4573799
-1.6740422
0.52628001
-0.89524882
-0.74427966
-0.9515841
1.3945148
0.059733716
-4.2553989
-2.1391823
-0.5755423
1.0445089
-0.78389468
-1.6026443
-1.9104067
-0.84640102
0.59297512
0.50367758
-2.1406979
-0.50587109
-3.5729079
2.382559
1.9907932
2.5871726
2.0914253
-2.8618829
-1.0144117
-0.86460131
-3.9660692
-1.0499584
-3.8159337
-4.2395413
0.91838886
-1.6242702
-1.07762
-0.549088
0.20349415
0.31561169
-2.1979439
-1.8136287
-0.48315875
-3.5099951
-3.1106083
-3.6432205
-3.255441
-3.0857821
-3.7962797
-2.9929352
-3.0935081
-2.4646619
-1.472469
-1.1262489
-2.3781274
-2.1399723
-2.1345317
-1.3509829
-1.2072377
-0.8069828
-1.4274423
-3.0520438
-4.4447037
-2.747985
-1.6856377
-1.3573758
0.66531216
1.2415877
-2.6156808
-2.4714286
-3.0549108
-2.3152215
-1.5516237
-1.9542597
-0.6522456
-2.7504993
-2.9776157
-0.18952467
-2.2525955
-3.255347
-2.0299656
-5.088947
-5.0382786
-3.6089706
-0.39931612
-2.2189106
-3.7453321
2.9343217
-0.56811844
0.33395036
-4.3619755
-0.16389936
-1.2739972
-2.3521646
-3.7364643
-4.6579328
-3.4464021
1.7909466
1.2840917
1.5555727
-2.9653358
-3.6204676
0.59489536
1.5008849
-0.37258529
0.3523001
-2.4598995
-1.018034
-2.2849865
2.2280893
-0.18868185
0.45634767
-3.4829531
-1.3302134
-2.0694242
-2.0101962
-3.175625
-3.3649539
-2.4875957
-2.20946
-2.3239691
-1.6729636
-2.0032039
-2.2267267
-1.833525
-0.38087704
-1.4658662
-2.7659418
-3.9643319
-3.0755901
-3.0435029
-2.0260708
-2.8883409
-4.2112127
-2.2360605
-2.4588187
-3.3036522
-1.5190892
-0.064516387
-1.668122
-1.7102743
0.21341426
-1.7917776
-2.424406
-2.5432085
-5.2367166
0.753087
-1.0209123
-0.31346142
0.53045995
1.0487786
-3.1937567
-2.972699
-2.0742993
-3.8929517
-4.3279092
-1.2699384
-4.0801259
-2.9740486
-1.9542057
0.30870086
-0.43369142
-2.8710897
-2.183408
-1.843075
-2.0012172
-3.2368256
-4.3677734
-2.8199614
-0.66059333
-1.5049436
-0.2314665
2.1708958
2.4280076
2.925614
1.4629853
-1.9239117
-1.475563
-2.7716894
-1.5096141
1.4826159
-2.1565701
-3.8711841
-0.66972681
-2.1223787
-3.3400358
-3.8424962
-1.2414665
-3.457661
-1.6299111
-3.6286813
-3.1630171
-3.0730452
-2.6965547
-2.2710407
-2.5626683
-0.62758663
-2.9275286
-3.0839107
-2.9455709
-2.5839374
-3.2140162
0.99594816
-3.5760789
2.9373288
-2.383711
-3.6885681
-3.0441501
-3.5681932
-3.8679277
-2.8776018
-3.149544
-2.774044
-3.6480514
-4.4720775
-2.1674843
-0.93942166
-0.2943949
-0.65433525
-2.098527
-4.1331578
3.1541812
2.6153034
2.6525208
-3.9096266
-3.5401425
-5.1596868
-3.0749236
-3.6229051
-2.5675975
0.87119204
-1.4999539
-4.3617019
-2.5973068
-2.9141087
-2.7805737
-2.9162445
-3.9462581
-1.4970252
-3.6069529
0.51848495
-0.2741935
0.74132474
-3.1248638
-2.244319
-2.6057246
-2.9740461
-1.580727
-4.0699329
-2.9767764
-2.6719616
-2.2720091
-4.4255966
-4.6977746
0
-4.9054224
-3.2225493
0.75283371
-1.6184604
0
-2.3044476
-1.6913797
-0.73058737
-2.2420105
-2.5621301
-1.686282
1.201244
3.3663789
-3.1968665
-1.6288609
0.66175433
-1.8742497
-3.5760247
-3.3575218
-3.1378199
0.59892068
-2.0503938
-3.943165
-3.0398914
-0.68240121
-3.379742
-0.31524206
-2.9491736
-3.9612962
-3.4196373
-1.5210995
-1.8315473
-0.85720423
-1.6800452
-0.44696385
-2.7552973
0.33398527
-2.8783831
-2.8548831
0.082789033
-3.6986549
-2.4613468
-3.8157612
-3.6282501
-3.2999873
-3.0693297
-1.5355236
-2.332459
-4.3406156
-3.9163379
-3.385328
-3.2127803
-4.5666021
-4.3611463
-3.1197666
0
0.99067611
0
-3.2132315
0
-3.5702682
2.7441891
-3.321316
-2.4498571
-3.2735433
-4.5726421
-2.813076
-3.5572523
-4.0105015
-1.6343925
-2.8313894
-1.3186691
-3.3984332
-1.6476444
-1.9312069
-1.6605111
-5.2846989
-4.6693404
-5.0095889
-5.1748139
-5.0329846
-5.2108905
-4.9190992
-4.321267
-5.0016054
-5.3065241
-5.2065399
-5.2082704
-4.8792646
-4.7921179
-4.7598708
-4.3682207
-4.7014548
-4.5207607
-4.5591477
0
0
-4.121858
-3.9656034
0
0
0
0
0
0
-4.5613645
-3.0630042
-4.4945417
-4.1946367
-2.4705505
-3.9417935
-4.0531095
-4.3984827
-4.5722445
-4.519936
-4.4799167
-4.5091175
-4.4886656
-4.4418833
-4.387142
-3.9356622
-4.3586182
-4.8109991
-2.413798
-3.247201
0
0
-2.8826445
-2.4972942
-4.3854556
-3.9767802
-4.4598523
-4.466382
0
-4.5529951
-0.076639883
-4.6050279
-5.0219461
-2.9936252
0
0
0
0
-4.9743884
-4.8133591
-4.4897801
-4.6638395
-4.9263683
-4.768452
-3.0747674
-2.7281692
-4.7833502
-4.8314124
-4.5828073
-1.9676123
-4.1246907
-5.1361628
-0.076639883
0
0
0
-0.077165343
0
0
-4.9909865
-5.0837359
-4.9300351
0
0
-4.9720491
-0.076115327
-4.9150783
-4.7942767
0
0
0
0
-1.7392177
-3.5401138
-2.975544
-3.8984062
0
0
-3.9602476
-4.8459412
-4.5167755
-3.9124715
-2.9590229
-4.6697967
-3.7990397
0
-4.7760795
-1.9601263
-1.6823386
-2.0274405
-4.4697846
-4.6745821
-3.7229769
-4.5240471
-4.6172747
-3.1719136
-3.2388918
-3.8551271
0
0
0
0
0
0
0
0
0
0
0
0
0
0
0
