-1.9079818
-1.5740421
-2.396882
-3.3470877
-2.3697184
-1.601639
-2.7340996
-4.1348385
-1.5100747
0.65809772
-3.244654
-1.402463
-1.776026
-2.9870083
-3.4946193
-3.2881096
-2.0939337
-3.3737788
-3.4332055
-1.5279624
-2.5356214
-3.7330472
-1.8472722
-2.4797643
-1.9100451
-2.2799043
0.87096121
-3.7517132
-0.78978479
-2.6028699
-2.085034
-1.621024
-1.5942964
-3.0929566
-2.6834247
-3.5191855
-2.5849522
-2.4572352
-1.8309027
-1.9404742
-2.0681475
-1.8503245
-0.57306248
-3.9635629
-1.3265757
-2.6137325
-2.6529654
-2.6453097
-2.900366
-1.6502183
-3.3332951
-3.0127938
-2.3594187
-3.5438119
-3.6420389
-3.3510758
-1.6585105
-1.7258437
-1.671386
-1.5850326
-2.7426828
-2.1207945
-1.9074013
-3.2247877
-2.9683281
-3.0622182
-3.2316267
-2.5863033
-3.4791594
-1.4740605
-2.2192723
-1.6966646
-2.4751391
-1.7224423
-1.6104675
-1.6505407
-2.6079754
-1.8425348
-2.0521953
-3.2726965
-3.5740996
-2.6696195
-2.7480445
-2.8326674
-2.2153324
-2.6073109
-3.1595206
-2.8255956
0.19880242
-2.342402
-1.4163896
0.19161219
-0.96841227
-1.3957373
-1.7268233
-0.1550636
0.57153778
-1.1375645
-1.9470532
-1.4842666
-2.8564929
-1.583487
-1.0117826
-0.87715248
-3.4278374
-2.8342972
-4.1044156
-4.2633258
-3.8692044
-1.771424
-1.9698196
-1.6938144
-1.873157
-2.0024061
-2.8961694
-3.5680905
-2.7334043
-2.2644124
-3.0345942
-2.0181326
-1.6449292
-2.2341137
-2.2668942
-2.41198
-3.2348856
-3.3921496
-3.6019549
-2.794004
-2.8685894
-2.3127482
-1.7370714
-2.5599206
-2.0782309
-1.5664338
-2.0992159
-2.7463318
-0.33872593
-2.6532039
-2.4551978
-3.6246793
-2.3447262
-2.8812593
-1.4620446
-0.034802239
-0.030825422
-2.8009664
-3.2510543
-3.0939405
-2.0089158
-0.63097338
-0.9707097
-2.4156801
-2.56142
-1.8074322
-1.8465687
-1.3633059
-2.1568613
-3.9130327
-4.260327
-4.2184944
-4.1698288
-2.3990902
-1.2796673
-2.8483084
-2.8708269
-3.0088625
-1.5672793
-1.5317462
-1.5742459
-1.701962
-2.7783523
-3.0799272
-2.1894122
-1.4654956
-1.6179267
0.069549946
-0.90475324
-1.8236007
-4.970924
-3.6317536
-4.0785174
0.16902015
-2.0698531
-0.79329709
-2.0245265
-4.2848105
-4.4149856
-1.977878
-1.945323
-5.0380311
-5.1617405
-2.2574253
-2.357766
-3.1538666
-2.4408922
-3.0308846
-2.3778313
-2.0338026
-1.8628671
-2.8102556
-2.8998129
-2.3129557
-2.5846182
-2.6330748
-2.0332122
-1.8654288
-1.5703435
-1.5088209
-2.404718
-1.9192077
-2.3287736
-2.162449
-2.6825399
-2.8523398
-2.3858086
-2.5784325
-2.8279078
-1.3776141
-1.8311067
-1.4910202
-2.0779158
-2.0886745
-1.3942548
-1.5458378
-1.4997918
-2.7449851
-2.2977995
-1.8926243
-1.8700928
-2.2644954
-2.3437247
-2.6086404
-2.3793002
-3.1011606
-2.3793343
-3.0977037
0.36996103
0.17546475
0.22295469
-2.9148247
-0.79479668
-2.2679703
-2.0851114
-1.367077
-1.2571669
-1.6548311
-3.8910595
-3.8592274
-4.3695916
-1.697782
-1.5082862
-3.4944686
-3.4737312
-3.5669769
-2.6135313
-2.7097534
-2.2838948
-2.8598691
-2.8598945
-3.4312895
-2.9842617
-3.1212525
-2.5043228
-2.6282266
-2.8447165
-2.9939784
-3.5811391
-3.604957
-3.5359604
-3.6208962
-3.3351338
-3.6180281
-3.5568616
-2.2919226
-1.9405785
-1.974752
-2.1089674
-1.9128234
-2.2982322
-1.9414974
-1.9448891
-1.7798305
-1.6914656
-2.8021742
-2.1945823
-3.1507133
-2.4170253
-1.2898092
-0.6777198
0.37821954
-1.7143449
-1.6906328
-2.5476673
-1.1062165
-2.3223534
-2.7780466
-2.4811961
-1.9207822
-2.309363
-3.8932115
-3.0433379
-3.2613541
-2.6834309
-2.630016
-0.79656903
-3.402339
-3.6345021
-3.8103346
-3.9141611
-4.0066822
-3.726326
-2.0895435
-2.2321589
-2.2874574
-2.2487546
-2.4527131
-2.5963186
-2.7382039
-1.5253566
-1.8595989
-2.0460491
-2.4497999
-1.8711109
-1.8598855
-1.9955164
-3.6367486
-3.5071887
-3.2430374
-1.4713565
-1.8942234
-1.1592726
-1.1401666
-2.0010949
-3.3889128
-3.516407
-3.5937988
-3.2541717
-3.3187584
-3.1197409
-2.8015461
-3.2892017
-3.7052087
-1.9962855
-3.0326227
-2.4066683
-2.8337628
-3.0542133
-2.7547355
-2.7886677
-2.9720216
-3.008462
-3.0058018
-2.3914779
-2.9087782
-2.6605147
-2.7464575
-2.536713
-2.2174981
-1.8730862
1.3846408
-1.3331723
-0.58017342
-1.3280377
-1.6598794
-1.7683861
-1.4411036
-2.0365367
-3.1124584
-3.9311869
-4.6749459
-4.7736657
-4.4982943
-4.6111239
-0.90726144
-1.7119652
-0.1659663
0.078380001
-0.17556598
0.34861809
-1.7304067
-2.5401147
-2.5567428
-2.8745403
-4.4487902
-3.982723
-1.6874449
-1.5637375
-2.0349711
-2.1883374
-1.8399755
-1.5997846
-1.3456488
-1.6673604
-1.4330504
-1.8092147
-2.2130812
-3.1559465
-2.4670689
-2.3724068
-2.1406596
-1.5460273
-2.4955579
-1.9190412
-2.1929906
-2.6901134
-2.5196267
-3.2410236
-2.439333
-3.1206099
-3.4008618
-2.8522115
-2.6392459
-3.4140884
-3.129402
-2.5719661
-2.3093658
-2.0165249
-3.5531267
-3.0930727
-3.3138265
-3.4331811
-2.9669062
-2.9947486
-3.0818508
-3.4188962
-3.4305422
-1.659237
-1.5357438
-1.7737628
-1.6902331
-2.0514093
-1.799783
-1.7283277
-2.6313703
-2.3948421
-2.2328869
-3.3183502
-3.3816282
-3.1207316
-2.1817782
-2.8720188
-2.8973569
-3.5315169
-2.9057042
-3.208417
-3.3858462
-3.1504933
-1.6344567
-1.9509497
-1.8497552
-1.4227706
-1.7939296
-2.1779234
-1.904812
-2.4618201
-2.3569746
-1.8049557
-1.5336177
-1.7138131
-1.8871381
-2.6098696
-3.0445976
-1.9929054
-1.8646868
-3.6403598
-3.4675078
-3.0114423
-2.6285962
-2.7003985
-2.498531
-2.7161498
-2.99217
-2.7736939
-2.407188
-2.0044762
-2.6050864
-2.3945125
-1.0105917
0.94875762
-0.80422519
-0.3893458
-1.2908363
-0.21973881
-3.0996799
-1.2446513
-3.3921328
-1.0250238
-0.43983812
-0.24413044
-0.23200997
0.40087652
-2.1738038
-2.8536457
-2.4601279
-1.5615254
-4.6137806
-4.7984838
-1.1348604
-1.4267272
-2.8020437
-2.5835347
-3.1654652
-3.3188514
-3.4628739
-3.3871659
-1.8483463
-2.4265451
-2.1006912
-2.2325538
-1.9778114
-1.3448843
-1.5496506
-2.8505571
-3.4162928
-3.5155438
-3.1357223
-3.0312843
-3.044443
-2.3667688
-2.2504962
-2.3521722
-2.2072542
-2.5925561
-2.0905903
-1.5090241
-1.7682035
-2.000579
-1.5374507
-1.5531841
-1.6111295
-2.8285841
-2.6159686
-2.9003351
-2.9857364
-3.1287384
-3.653491
-3.4895733
-3.6008028
-3.3733798
-3.2604307
-3.3480411
-2.6496196
-2.9998029
-2.9718469
-2.8469488
-2.6706391
-2.250008
-1.9742145
-1.7037205
-2.0958331
-2.1215386
-1.8014715
-2.6590352
-1.6520923
-2.5091705
-2.1258716
-1.4991866
-1.6802694
-1.5789339
-1.9716991
-2.4965134
-2.8548887
0.18209502
0.97401982
-0.039308348
0.64500292
-0.9540913
-2.2349827
-2.2024895
-2.4073336
-1.8533397
-1.4414662
-1.0205633
-2.3256477
-1.2925767
-1.6274631
-3.1292368
-3.3108213
-3.4610436
-2.5895809
-3.1413042
-2.8728796
-2.1342484
-2.3922213
-1.8966793
-3.0144506
-2.2413562
-0.77661263
-0.40383134
0.20445008
-1.6060575
-2.2262658
-2.2498216
-3.9757527
-2.7024064
-2.8060888
-2.1720232
-3.2917781
-3.5979041
-3.3060742
-1.6546227
-0.81075152
-2.0635587
-2.0891986
-2.3573357
-2.4481646
-2.3479044
-2.3705169
-2.8877044
-1.8666359
-1.9112486
-1.9450788
-1.7776163
-1.7153692
-1.4392703
-4.1179303
-4.2584638
-4.322915
-3.8308129
-3.0133174
-3.2920801
-1.9611625
-2.2731212
-1.372267
-1.5988113
-1.2229487
-1.2403774
-1.1562096
-2.5783767
-2.2785032
-2.4461246
-3.0936502
-3.5027779
-3.5685395
-3.8653482
-1.5411831
-1.4409456
-1.8725323
-2.1158739
-1.965381
-2.5448566
-3.002228
-3.6261117
-3.1671117
-2.4409721
-2.8000311
-2.1904961
-1.8006965
-1.5854109
-1.5383787
0.48562259
0.78803182
1.728059
1.2726068
0.62849704
-0.13041412
-1.9046104
0.17507304
0.0992805
-1.5283973
-1.7150247
-1.8641751
-1.6519745
-2.6362764
-3.1911706
-3.4430606
-4.237515
-3.7796565
-3.0865213
0.39873493
-3.4686755
-0.1949687
-1.2723022
0.16894559
-0.23242863
-0.69952039
-0.75918428
0.15680785
-0.28628208
-1.5324562
-4.8063622
-1.3688832
-4.791753
-2.9028256
-2.4730501
-4.4724168
-4.4334075
-4.4480252
-3.2857935
-3.2842517
-2.5088896
-5.3627243
-2.4537513
-1.9715328
-4.8882435
-1.7166785
-2.0944083
-1.7439878
-1.6275538
-2.1897494
-2.5071265
-2.6937546
-2.5387137
-2.2895137
-2.9331053
-0.36288147
-2.4742439
-2.4190233
-2.2652667
-0.15519889
-2.82785
-0.59146748
-3.5922163
-3.6863255
-3.7012563
-3.1359456
-3.3665908
-2.186955
-1.58776
-2.5234067
-2.3206862
-2.4744407
-2.5505171
-1.4013588
-1.7819912
-2.2586223
-3.3155703
-3.4842164
-2.2977151
-2.8237836
-3.3714649
-3.586222
-3.4580372
-3.0082289
-2.1591812
-2.2937128
-2.6845888
-2.0076638
-2.0102377
-2.5204287
-2.651724
-2.3319983
-1.1932777
-2.094149
-2.0941489
-3.9885884
-3.5413653
-3.6361959
-3.5036511
-3.4660468
-3.7354065
-4.0484961
-3.9080114
-2.0055732
-3.375793
-1.9368077
-1.2435301
-2.5134175
-3.5321892
-2.9608142
-3.5110684
-3.0840452
-3.629184
-2.9382558
-2.9559234
-2.8205531
-2.8080543
-2.6296347
-2.3983289
-4.1880488
-5.020183
-2.4240195
-3.853486
-4.1235874
-4.1551462
-3.7895785
-3.7529825
-2.8315157
-3.041237
-1.6227217
-1.8855578
-2.7797481
-2.8680679
-3.1024425
-3.3163611
-3.0620937
-3.5670474
-3.4114613
-3.2212964
-3.1716428
-2.6298708
-1.8957611
-2.9952113
-1.480581
-1.852516
-1.6642954
-1.856942
-2.4536875
-3.2145049
-2.8567113
-2.9758652
-2.5604667
-2.5098632
-2.0708075
-0.96537873
0.065731317
-1.4198626
-0.31625569
-0.481383
0.64268718
-1.9196531
-2.3219443
-0.13502161
-3.0861998
-3.4913487
-4.2097286
-3.4911556
-3.9439579
-2.1331577
-2.0186871
-2.0363882
-1.6457407
-2.8538137
-3.2155029
-3.5698545
-3.4980709
-3.4572176
-2.9993506
-2.6332276
-3.1422583
-2.4330165
-2.8888309
-2.0359695
-1.5336895
-2.7431611
-3.6707057
-3.6372653
-3.6169337
-2.9758922
-2.6788317
-2.1112047
-2.0993576
-2.0065655
-1.9594863
-1.770306
-2.0679647
-2.0980351
-1.7678802
-1.7768432
-2.2476866
-2.4417967
-2.2894331
-2.3533531
-1.8279928
-1.5357698
-2.7357488
-3.062203
-3.1128218
-3.2436187
-2.6054085
-1.9781385
-2.5565973
-3.0246171
-2.9546397
-2.1014036
-2.5090112
-2.6964888
-1.4924796
-0.18051921
-4.0360975
-3.8781552
-3.7533816
-3.3828386
-3.0148866
-3.5221899
-3.9297305
-3.4675051
-1.4814306
-2.2959478
-2.2296959
-2.4612762
-2.9493686
-3.376806
-1.6604434
-1.9040079
-1.8969406
-4.1364948
-3.8937284
-3.157765
-2.0828248
-2.5520811
-1.5432143
-1.5428941
-1.0712754
-1.0637276
-1.9245441
-1.7568034
-1.267298
-1.8911003
-2.9593413
-2.3511937
-2.2579983
-2.6695449
-2.182854
-2.6886652
-2.0433101
-3.4513347
-2.9334981
1.1038779
-1.4784923
-1.6116071
-4.6811037
-1.9850728
-4.1538706
-4.3840016
-3.6679988
-4.4361925
-4.8232414
-4.4656886
-4.1134431
-3.7389371
-0.60422823
-1.2415808
-0.46143733
-1.2673616
0.2495959
0.25069787
-1.4239457
-1.0096402
-1.0314821
-0.80570992
-0.84836054
-4.7916106
0
-1.5099932
-2.7894472
-2.8933036
-3.2448831
-3.2964694
-4.2851642
-4.1175896
-3.8124636
-3.3860322
-2.2276687
-5.128647
-2.1270924
-1.4421637
-2.0476656
-1.5899177
-2.2385238
-2.6896232
-2.3734584
-2.5175028
-2.5297577
-2.6968583
-2.1488497
-2.3505326
-2.0332812
-2.8131111
-3.0616442
-2.7295608
-2.6319736
-3.2446006
-3.2116213
-3.7330462
-3.4917664
-3.5754086
-3.6021725
-2.9598168
-1.9814273
-1.6070846
-2.1696689
-1.4362764
-2.3775105
-2.464529
-3.1587492
-1.3370516
-1.644574
-1.4485037
-4.3931697
-3.3265952
-3.555654
-3.4285116
-2.2374365
-3.4600432
-3.4033637
-3.5115725
-3.6195784
-3.6643593
-2.5846377
-1.7125933
-1.6473548
-1.8136961
-2.0883274
-2.4098254
-3.1771064
-2.9123435
-2.8114845
-2.410827
-2.6485232
-3.1248879
-3.2112153
-4.0667174
-4.0648866
-3.821821
-3.90367
-2.6614461
-1.6579472
-3.8104049
-3.0058141
-2.1803619
-1.1056111
-3.4099922
-1.6885341
-2.9900838
-2.7461039
-2.8926607
-2.9552187
-1.4449851
-1.8940667
-4.5995759
-5.0437634
-5.0724541
-5.1243462
-4.8272037
-1.689857
-2.3663395
-4.3622112
-2.6057825
-2.1831396
-3.1465925
-2.8478592
-3.0041983
-2.3302274
-0.87399558
-1.4617643
-2.4099577
-2.5828842
-3.2916391
-1.5489463
-2.5599149
-1.8661656
-3.6299345
-3.5759565
-2.9773524
-3.1403364
-3.5637993
-2.1591068
-1.6430767
-2.7582298
-2.4988716
-2.4488871
-2.1286006
-0.039520499
-1.381019
-0.52101335
-0.71449247
-1.220789
-0.84170673
-2.8542375
-2.1843413
-1.3330497
-1.9962529
-4.6442524
-2.3412165
-2.6401137
-3.0769945
-2.9949268
-1.6373932
-1.3844402
-3.2803188
-3.3929713
-3.3931688
-3.0347948
-2.8463322
-2.601421
-2.9830983
-3.3846927
-2.2995179
-1.9444575
-1.7683635
-1.3935123
-1.8775287
-1.8676918
-1.5870831
-1.8845086
-3.1102002
-3.2780048
-1.945752
-1.98322
-2.7515232
-1.8931703
-3.5924765
-2.3613994
-3.0148866
-2.4290958
-2.0723526
-2.3126777
-2.0984722
-1.9577535
-2.155734
-2.4070517
-1.8397322
-1.5102035
-4.1466793
-3.7443707
-2.1309936
-2.6299528
-2.0180437
-1.9783615
-1.5414327
-3.6215024
-3.6732887
-2.1584944
-3.5041062
-2.9785394
-3.0031574
-2.0353524
-3.0937132
-2.728293
-2.6677518
-2.3781152
-1.142501
-2.2043261
-2.1933368
-3.1547235
-0.89846244
-2.606365
-1.3493384
-3.7976079
-3.9406472
-3.9870403
-3.0938485
-0.95134626
-4.6804065
-1.2237009
-1.5109886
-2.6026723
0.028913868
-4.4504353
-3.6834381
-3.9556967
-4.8686043
-1.6540767
-1.6266161
-1.8510927
-1.844586
-2.507073
-2.8549197
-2.5596241
-2.8167847
-3.3524515
-2.5070329
-3.3709996
-4.0483976
-3.8797957
-3.5555877
-2.4196417
-2.0898167
-1.8654837
-2.4561139
-3.4932015
-1.3927002
-1.9025554
-2.4972869
-4.2836522
-2.7135136
-2.0794637
-2.422753
-2.9481259
-2.5242598
-4.8070166
-2.9970391
-2.2526764
-3.1072915
-2.0665125
-2.3424515
-1.5775968
-4.2182052
-3.9335021
-3.5673984
-2.3098784
-2.1411489
-1.9418933
-1.6827308
-3.4098104
-2.7275865
-3.7837318
1.6931096
0.089518032
-4.0940941
-4.0348437
-2.6213197
-2.3750283
-2.6062704
-2.3702198
-3.2342167
-2.1805403
-2.6520454
-2.5890989
-1.9032859
0.34699213
-1.9657438
-2.0112139
-1.5184089
-1.8888305
-2.6258088
-1.6085682
-2.2488671
-3.6075019
-3.890167
-3.8985295
-1.8570681
-1.4724944
-4.0801255
-1.5941731
-2.4094569
-3.9263301
-2.4082991
-2.0524306
1.6136581
1.1643753
-2.3508916
-4.902411
-3.5061707
-2.7419419
-5.0013324
-1.8132973
-2.4854362
-1.932487
-2.3176763
-3.6331474
-3.7687531
-2.5437908
-2.7612395
-4.065014
-2.4356023
-3.6261846
-5.0286339
-4.4746563
-4.6710332
-3.6088965
-1.9268921
-3.0056743
-0.60991714
-0.46658939
-3.207565
-1.3755932
0.32369688
-3.2441377
-2.8521066
-4.0005373
-3.642084
-3.7520648
-3.155007
-1.6902664
-3.2827099
-3.1950903
-4.0242101
-1.5425736
-2.3745826
-1.4239457
-2.1515442
-4.0303092
-3.907299
-4.0648861
-1.6885341
-2.7966304
-0.38766449
-4.5576037
-4.6244962
-2.2890738
-5.3465877
-2.0478399
-1.8142439
-3.2937698
-2.9409536
-3.4435816
-3.7804468
-3.3241704
-2.963259
-1.7426887
-1.815788
1.1163433
-0.094922923
0.20670022
-3.8491355
-2.9526126
-3.6445101
-3.5892647
-4.7792112
-3.0487221
-3.0627736
-3.3099437
-3.4913987
-1.3409939
-5.5459587
-2.4494912
-4.013337
-0.059484497
-3.4888852
-3.7253502
-2.3660439
-3.4082134
-3.015194
-3.4098104
-2.5760736
-2.5528154
-1.5109216
-1.4283434
-4.7903926
-2.2170366
-3.5914112
-3.640639
-3.8784319
-3.4842741
-1.5837443
-3.1784
-1.3077153
-3.5568617
-2.4596061
0.31850294
-2.451662
0.65553843
-5.3870799
-3.3901765
-2.1776497
0.1409648
-1.6496009
-3.447898
-3.1141931
-0.58661693
-4.2248224
-6.8300697
-6.5462938
-6.4846619
-6.3668338
-6.6524238
-6.8488278
-6.6540047
-6.8744515
-6.9962698
-6.1136236
-6.5408785
-6.456021
-6.8325542
0.97838488
0
-6.7478485
-7.0202927
-5.6827265
-5.9508283
-6.6194328
-7.002649
0.97838488
-6.3256345
-6.456708
-7.0181699
-5.7155431
-6.4182581
-6.8722811
-6.6497965
-5.7124997
-6.9678714
-6.6993191
-6.7524333
-5.987776
-6.9118803
-6.9827893
-6.8417046
-7.0252204
-6.0607688
0
0.97838488
0
-6.5252986
-5.101337
-5.1482487
-5.3241761
-6.1346982
-6.467616
-4.9931411
-5.9433229
-6.7801769
-5.5221789
-5.7607501
0
-6.9231043
0.97838488
-7.014182
-6.8659976
-6.947779
-6.9336006
-6.2732878
0
-6.8637763
-4.7795786
-5.1301348
-5.568254
-5.8896889
-6.4694591
-5.7025437
-6.6985527
-4.9704491
-4.6468183
-4.8158943
-4.5998769
-6.7601969
-6.7129382
-6.7831102
-5.2798784
0
-6.6735781
-6.8466713
0
-6.6174727
0
-5.1445037
-4.688872
-4.8580042
0
-6.6473015
-5.3091063
-6.6716684
-5.5197996
0
-6.3939919
0
-5.5069969
-6.7011283
-4.6104026
-6.5482613
-4.6158172
-6.6892613
-4.6643343
-6.1836922
-6.5157635
-6.5963127
-6.5617991
-5.0004998
-5.0755323
-4.9541933
-5.0004997
0
-6.6881903
-5.0755323
-4.914373
-4.7106555
0
-5.7199446
-6.5023183
-6.6854477
-4.6842845
-6.6377149
-5.5914063
-5.7199446
-6.6943052
-6.6796749
-4.6758237
-4.7889838
0
-4.7494598
