-1.9398289
-3.0197717
-1.6953604
-2.6349773
-2.3426108
-2.4913482
-1.978024
-3.1998158
-1.4609303
-2.0651052
-0.95424367
-2.0499699
-2.0911929
-2.0124775
-1.7560005
-1.6956282
-1.915546
-1.6336302
-1.6982727
-2.5849024
-3.095037
-3.1087531
-1.6801899
-2.901964
-1.3738445
-2.2966603
-3.1624226
-2.9187024
-1.2412312
-3.3432189
-3.5928319
-2.4853504
-2.7117903
-0.73128434
-0.2253744
0.10736238
-0.75111861
-1.6497714
-2.3493359
-2.3074873
-2.5606342
-2.172758
-2.522223
-2.4932272
-4.0689117
-1.5659745
-1.4452505
-3.9638867
0.20019629
-3.348637
-2.4701166
-1.4798889
-1.2222883
-1.2332705
-1.5556313
-1.3935147
-1.1639347
-1.6163616
-1.6389695
-1.1550141
-2.2454905
-2.3161498
-2.6082922
-3.2258111
-3.2880776
-1.6017994
-3.5281582
-2.9576425
-3.2703649
-3.2212477
-3.6956272
-3.9383777
-2.0833259
-2.6544218
-0.72234886
0.042267155
-1.030043
0.12558986
-2.2913266
-2.2407562
-0.41774254
0.063025982
-2.5424079
-1.9210517
-2.5697792
-1.9372208
-2.5449454
-2.9234642
-2.7880492
-2.9031508
-2.0498924
-3.2483102
-2.5108504
-1.2471095
-1.3807157
-1.3524167
-2.5459696
-0.95859705
-2.0561279
-0.014999007
-1.5296675
-2.8533896
-1.1130386
-1.5758777
-1.7815686
-2.7790786
-4.2960138
-3.9544429
-2.8508316
-1.2174224
-0.86484935
-1.1304591
-1.5576755
-2.3280536
-1.7852549
-1.2202979
-1.8508663
-2.0798421
-1.5855121
-1.9612642
-2.7018124
-2.4555861
-3.1522724
-2.1302594
-1.8881952
-1.4966795
-2.848772
-2.6722402
-1.4185355
-1.0737704
-2.577796
-3.2281468
-2.5304346
-1.8535843
-2.3684327
-3.2796865
-1.9114764
-1.8651645
-2.2314797
-1.8069394
-2.4936833
-1.8805606
-1.6672093
-2.5698484
-1.8813516
-2.7553951
-2.6478159
-3.437442
-1.9236423
-2.3984242
-0.5109878
-0.87304306
-1.8997766
0.25511578
0.43274714
0.5351848
-0.37773143
-2.1802532
-0.93657729
-1.5014449
-2.029197
-2.3700658
-2.4246956
-2.3008433
-1.849623
-2.0117628
-1.8612704
-2.5142326
-3.225169
-1.5719334
-3.3335657
-2.2889866
-2.9337875
-3.6153299
-1.2155242
-1.4230285
-1.7013706
-1.5975125
-2.2138655
-1.9080286
-1.7750695
-0.38986389
-3.0672702
-3.5097613
-1.0365017
-1.2026777
-3.7926871
-4.4480204
-2.9431341
-2.5276744
-2.4105527
-2.6587322
-2.038108
-5.5678839
-3.4465935
-2.0529842
-1.2812198
-0.47217849
-0.82347474
-0.086898176
0.014435686
-1.4053468
-1.162402
-1.4676841
-1.3278014
-1.9892933
-2.3099486
-2.2719453
-2.1901773
-1.493454
-3.3047216
-3.5015676
-2.6318411
-2.7963638
-2.5241219
-3.0208163
-2.3217745
-2.5412889
-2.4683012
-1.0431482
-1.5802908
-0.27524432
0.33630918
-1.7867831
-2.5970144
-2.3770819
-1.3149247
-1.7386498
-0.84279885
-0.99404989
-2.3757108
-1.9757502
-2.6162169
-2.5530193
-2.292794
-2.0838584
-2.9627157
-2.5912848
-2.7110274
-2.7089214
-3.3039687
-3.1953118
-1.5538598
-1.3697696
-1.7728848
-2.2110872
-2.0244969
-2.1202283
-0.26015546
-0.84804478
-0.52392317
-1.318467
-1.6716003
-1.6929914
-1.9908788
-3.8890311
-3.7019436
-3.3091801
-1.340125
-1.374072
-1.3762122
-2.0239732
-1.4830602
-1.6254124
-1.335787
-1.5791005
-1.6303979
-1.7860905
-1.9790715
-2.0548904
-1.4308827
-1.4935961
-1.7979374
-1.6059533
-1.2326673
-1.7866433
-2.2582031
-2.8325432
-1.790104
-2.2611834
-2.469731
-1.2655557
-1.7757672
-1.6941909
-1.5888467
-2.4364671
-3.0145817
-3.1327979
-3.2111138
-3.3390414
-3.404078
-3.2959574
-2.3751189
-2.2781245
-3.1356546
-3.160161
-3.2100183
-2.4320086
-2.1066998
-2.2191241
-2.8277446
-2.0437946
-1.4377986
-2.1455128
-1.2785108
-1.8890411
-2.9430277
-3.0400742
-2.6252733
-1.8749319
-3.1396139
-3.2123895
-3.956964
-3.7423432
-3.3216889
-3.2780637
-2.6848778
-1.6332057
-1.7569263
-1.6448486
-2.1359182
-2.8980332
-3.3170544
-2.6222091
-2.31397
-0.26385997
-1.2549056
-0.26451444
0.010682233
0.34244384
0.23621908
-0.34507361
-0.31486109
-0.4474537
-2.6738799
-2.6083111
-2.4614656
-0.27636387
-2.429349
-2.384055
-2.1274018
-2.0272522
-1.9973762
-1.8193408
-1.7205406
-1.4633768
-2.0946934
-2.5621634
-2.5631918
-2.4887151
-2.544545
-2.4841838
-1.8151851
-1.9576741
-2.8227233
-2.0312303
-2.6454902
-3.3804767
-3.8443869
-3.0016946
-3.5112151
-2.9828768
-1.5740214
-1.1769293
-1.9799278
-1.5943256
-1.3139375
-2.4122652
-1.9658775
-1.9113638
-1.4971885
-1.7074681
-1.7063325
0
-1.5740022
-2.043897
-1.8895884
-3.044708
-1.962299
-0.54024697
-0.49066827
-1.1972321
-0.35101046
0.0049688008
-0.026354203
-0.78143598
0.15035557
-1.5968538
-1.9257248
-1.7509059
-3.3296378
-3.4803121
-2.8751121
-4.1186316
-1.6722904
-4.740381
-4.5461543
-4.8007525
-4.2867694
-4.4607951
-2.5269298
-2.6453699
-3.0590257
-2.9561465
-3.1405515
-2.7898302
-3.3943524
-3.1655482
-3.2180698
-3.9723661
-2.9216232
-3.4646375
-2.5515518
-1.6886588
-1.9925028
-1.9848596
-1.2209105
-1.1486968
-5.1921246
-0.71959891
-1.0455174
-1.1978317
-0.85949174
-5.2111256
-1.2513561
-1.1961851
-1.3535617
-1.3085906
-1.1654695
-1.1989292
-1.5285444
-1.7234904
-1.3800678
-1.7037874
-2.6154301
-2.675205
-1.9035142
-1.8460275
-1.9170717
-2.9719664
-2.694601
-2.1146534
-3.3178706
-3.8376794
-2.8960984
-2.3555255
-3.4986231
-3.4677291
-3.3805953
-2.9867636
-3.6804942
-3.8798653
-2.0686888
-2.2076902
-2.4947173
0.067070934
-0.037198212
-0.85173042
-2.4633718
-2.150854
-1.9257254
-1.0032852
-2.4769804
-2.4592369
-2.187306
-2.4284773
-2.3560601
-1.7799099
-1.5023511
-2.1964906
-2.4497324
-2.505472
-2.9612884
-2.6768109
-2.1527549
-2.6946339
-2.9267625
-2.3521385
-2.6504512
-2.9597528
-1.1961459
-1.373664
-1.311564
-1.3910847
-2.6019791
-2.5600727
-2.0718503
-1.5772272
-1.8751162
-1.7059851
-1.7437378
-1.7437378
-0.10053704
-2.1724018
-1.2961714
-2.2105475
-2.6512737
-2.1928478
-2.9152197
-3.2800252
-4.3094643
-4.3858652
-4.4114091
-4.3372363
-3.3951676
-2.7751022
-2.6269924
-1.138936
-1.1967663
-1.28251
-1.5691506
-1.3102132
-2.5194258
-2.1637474
-1.8840233
-1.8886054
-1.7934892
-1.3628857
-1.4044964
-1.496481
-1.8987307
-2.2339914
-1.9920425
-1.5529449
-2.2865088
-2.3556597
-1.9570814
-1.9647506
-2.3521967
-2.5048627
-2.5412604
-2.5626624
-1.194931
-2.6589404
-2.078816
-1.7115985
-2.0506995
-1.7432982
-1.5884155
-2.3420051
-1.9300265
-1.8365177
-3.1594748
-2.4016253
-3.2505931
-2.3517623
-2.6836196
-3.3091559
-2.5110832
-3.0048869
-3.3288198
-3.2877406
-2.7731621
-1.7077348
-2.1558484
-1.9732569
-1.9551277
-1.7643797
-1.3899024
-2.1377243
-1.7950013
-1.3971305
-1.4476506
-1.5709916
-1.9694015
-1.4628576
-0.60897074
-1.8983842
-2.4798886
-2.3633834
-3.7982485
-3.6247467
-2.9234402
-2.5617146
-2.8210074
-2.4795542
-1.9140908
-0.30463126
-1.7384648
-1.1975843
-2.1768593
-1.0591064
-0.36302758
-0.43547624
-1.6237359
-1.4367168
-1.5792383
-0.94909535
-1.5762413
-2.8142866
-1.944725
-1.8155203
-1.2013813
-1.3306637
-2.0906788
-0.010512363
0.59427307
0.13208252
0.20968607
-0.049834197
0.17480859
0.28772491
0.097140877
0.31290265
-2.4201924
-2.0015046
-1.9013858
-1.5832883
-1.1654512
-1.7090142
-1.3147421
-1.5438557
-2.980292
-2.6481504
-2.2607588
-1.9124192
-2.045922
-1.960628
-2.0311286
-1.7454073
-1.5660635
-2.0304426
-2.2577593
-2.722381
-3.3871207
-1.7079252
-1.3486453
-1.8820558
-2.0777538
-2.7509258
-2.5586676
-3.4316033
-3.8677866
-4.2060255
-3.9467272
-0.97892022
-1.3275984
-1.6085658
-2.2799003
-1.6156388
-2.1520377
-2.0312059
-2.1271577
-1.6360251
-1.8077551
-1.4884741
-1.3228585
-1.478586
-1.9930561
-1.1272652
-2.4610319
-1.7913035
-1.8460271
-2.3302983
-3.113779
-3.0613713
0
-1.5864156
-1.7324575
-3.1441984
-3.8244563
-3.9614
-4.4793064
-4.0169151
-4.1208976
-3.6673176
-3.3879477
-2.8019725
-2.5906715
-2.7852014
-2.6500851
-2.4580306
-2.5230845
-2.6516079
-2.2308288
-1.4302758
-2.2727279
-2.452253
-3.8995649
-2.6507976
-1.5645017
-1.1857231
-1.598321
-2.0331239
0.033789091
0.25223159
-1.2181864
0.20052871
-1.2614954
-1.3267706
-1.5362499
-2.1673753
-2.4645775
-2.5478154
-3.0239825
-3.3251327
-2.5501783
-2.9300363
-2.2193337
-3.2397235
-2.8403753
-2.1634889
-1.9987339
-1.070487
-1.3569592
-1.6607973
-1.6997603
-1.8555245
-2.5456358
-1.3626505
-1.7909851
-2.7337951
-2.969878
-1.6141687
-2.9681266
-2.9972244
-2.8593762
-3.3178068
-3.3813985
-2.706077
-2.8256633
-3.2872241
-2.1852743
-2.7096379
-2.4590372
-3.2472003
-2.9374726
-3.4063216
-3.6979382
-3.7381303
-3.2104678
-3.1930881
-3.1446984
-2.6945348
-2.9354769
-0.14790632
-1.7878112
-1.9733291
-2.3972427
-2.5798391
-2.6496731
-1.7161203
-1.8006423
-1.5969629
-2.2578521
-1.9754675
-2.5213555
-2.2206302
-0.078815204
-1.873685
0.12938137
-2.3709706
-0.025617117
-4.4506934
-4.5322191
-2.7409501
-3.128663
-2.3123269
-6.2596248
-2.2473422
-5.2367275
-1.4779781
-1.296098
-1.0837795
-1.1952534
-1.194092
-1.8297663
-1.4624426
-3.5093962
-3.4083128
-3.5049321
-3.0549415
-3.3300739
-3.1925685
-3.5326048
-3.4282863
-3.6538271
-3.6799621
-3.7455497
-2.1812844
-2.6846248
-1.1098544
0.22365257
-1.3696756
-2.5411784
-2.8855431
-2.8065207
-2.8264018
-2.6570429
-2.2832726
-2.968067
-3.1811265
-1.203593
-1.8256735
-1.2766008
-1.4867139
-2.3564636
-1.1418452
-1.6701881
-1.7240777
-0.63055718
-0.85136669
-2.9119566
-2.4534003
-1.6627131
-3.1496071
-3.2892534
-3.0817346
-1.2365684
-1.3525104
-1.520251
-1.3408399
-1.193313
-1.3253992
-1.4257025
-1.6207256
-1.9511463
-1.9856055
-2.007236
-1.7349658
-1.609871
-1.149823
-1.8156391
-2.2081042
-1.3775218
-2.3988334
-2.1283532
-2.4892856
-2.9873259
-2.4705695
-2.2045916
-2.9758996
-2.247754
-2.8141144
-3.4015373
-3.0138302
-3.182193
-3.2521526
-2.6210641
-2.9773294
-2.9257137
-3.3216334
-3.4441701
-3.0586775
-2.5971325
-2.0274634
-1.8942589
-1.8422271
-1.6465121
-2.6639038
-2.1046206
-2.0154117
-2.0766049
-2.7463305
-3.8748633
-3.6388268
-3.8634858
-3.1055537
-3.0921692
-2.5863105
-1.8444282
-1.8874183
-2.4736603
-2.3073292
-1.7810299
-2.6165411
-2.5203314
-1.6320814
-2.3447718
-1.9291012
-0.89638271
0.70745115
-0.79730372
-0.52024054
0.73653497
0.48071092
-2.5225483
-2.1240793
-2.448159
-1.3188775
-2.1600977
-1.4298099
-1.1031853
-1.6517685
-0.90288228
-2.587296
-1.959632
-1.8683469
-2.3552119
-1.9106443
-2.3177248
-2.5377017
-2.2559332
-2.4201122
-2.3663318
-2.3914489
-2.5754885
-2.7276355
-2.5707996
-2.5614742
-2.4010914
-1.4563278
-1.9828992
-2.6922512
-3.3396837
-3.240153
-3.6799769
-3.6611363
-3.8342973
-4.3143161
-3.9504787
-3.2565119
-3.5631368
-1.0444132
-2.5147296
-2.2262854
-1.6713039
-1.9258804
-1.7802273
-1.5183634
-1.6886215
-1.5119398
-1.4148458
-1.7917776
-3.7052432
-4.4936806
-1.7569804
-0.1434569
-0.64910368
-1.1611964
-2.5766086
-1.712269
-2.6839085
-1.3092859
0
-2.1466915
-2.5075895
-2.5656273
-3.6276921
-3.3392973
-4.7068755
-4.3346858
-4.2098431
-3.6994099
-3.9846346
-2.5610579
-2.5849308
-2.8055606
-2.9142706
-2.8410201
-2.14996
-2.6666258
-2.4211604
-4.1624892
-4.0731241
-4.3774769
-2.6006977
-2.7050644
-1.9646903
-5.2504966
-1.4412447
-1.5217485
-5.3567042
-1.8892468
-1.3445079
-2.2979157
-5.4455917
-5.4398052
-2.1530572
-1.6266396
-0.04918663
-1.2035012
-1.0530657
0.066680964
-1.400003
-0.22084797
-1.6147412
-1.3355951
-1.2217799
-1.1862713
-2.2157065
-2.3130212
-2.5776096
-2.3177592
-3.0447838
-3.3689033
-1.3117728
-0.53808382
-0.12272082
-1.6120729
-4.1324457
-4.0801648
-2.7720607
-1.7336815
-1.4801188
-1.5403948
-1.9924997
-1.7285389
-1.9764669
-2.7063148
-2.7886629
-3.2687751
-3.4624108
-2.1956345
-2.2343205
-2.3433332
-3.3180408
-2.310971
-2.2680709
-2.1265109
-2.3987761
-2.8313243
-2.629944
-4.0599065
-3.9609464
-3.9745437
-3.3454629
-2.9871291
-2.9027766
0.23848476
-0.6998541
-2.5932529
-2.4733449
-3.3618731
-2.1937744
-1.6284529
-1.8232662
-1.6312598
-2.0120045
-1.8751162
-1.9146352
-1.8889652
-3.4101155
-0.96490647
-0.38870716
-2.5134208
-3.0049788
-2.3782044
-2.7739627
-3.4237887
-4.5872547
-4.6256096
-4.8672556
-4.8125696
-2.4505157
-2.9565499
-3.2095788
-2.1526519
-1.7634722
-2.2567782
-1.8079858
-0.74485379
-0.74660045
-0.92673524
-0.40776704
-0.19731321
-0.81048462
-1.3304459
-1.29408
-2.0439114
-2.6608744
-2.8631261
-3.268547
-3.3428685
-3.2798923
-3.5396035
-3.5671455
-3.9821913
-1.8220856
-2.252345
-3.1852877
-2.441154
-2.1627079
-2.6162169
-2.0626118
-1.8709131
-2.5751808
-1.8968313
-1.3731828
-1.7210536
-2.8422733
-2.0240818
-0.78335059
-1.4265211
-1.1699519
-2.7102317
-3.3277509
-4.3591353
-4.1928934
-3.6299714
-2.5315278
-1.2412698
-2.2803472
-2.041938
-2.2222736
-2.6636689
-2.5868483
-3.1182571
-2.6700928
-1.4857234
-1.6319905
-3.2744399
-3.1830407
-3.109601
-3.1313632
-2.3223922
-2.4045242
-3.3889843
-2.6798264
-3.279318
-2.7912543
-1.6934754
-1.6702031
-1.260368
-2.1731682
-2.4970156
-2.7667584
-2.9097654
-3.593045
-3.5103395
-3.2239075
-3.3377407
-3.9226219
-2.8013553
-2.6540571
-2.6635359
-1.9849139
-1.4910623
-1.2120758
-2.6787123
-1.815658
-2.4338767
-1.4784963
0.46826615
-1.8089224
-0.17315147
-2.4483958
-1.3432024
-1.4142609
-3.1667004
-2.8719183
-2.3483085
-1.9693495
-2.2033388
-2.3796975
-1.5889497
-0.68526177
-0.51390151
-2.296864
-2.4437243
-2.8936603
-3.1688633
-3.7442332
-3.3490319
-3.5642024
-1.0649255
-1.2528528
-1.5753426
-1.4638034
-1.4299022
-1.5800769
-1.74475
0
-3.6389223
-3.00347
-2.1705556
-2.6579299
-3.1369801
-3.4913897
-3.4870641
-4.1494385
-4.1762377
-3.7508327
-4.1474269
-4.1618782
-4.0274907
-3.7064525
-3.9558421
-2.6110897
-2.5323846
-2.7491717
-1.64382
-2.1054832
-1.9600537
-1.7972782
-1.8360968
-5.325838
-4.1999195
-3.4780207
-3.7139281
-2.0590388
-2.207078
-1.5274721
-1.5185262
-1.8422011
-1.6386956
-1.6348903
-1.9012293
-3.3726289
-2.2465766
-1.9777036
-4.5927972
-2.6598472
-3.2045546
-1.7765951
-1.2520844
-1.9887852
-2.2325101
-1.1768408
-1.7385553
-3.8652126
-2.895071
-2.7371086
-2.5916895
-4.0931145
-3.9851464
-4.5627835
-1.7413025
-1.2062569
-1.9402071
-1.8745908
-1.607187
-4.5041213
-2.8353839
-2.7905767
-2.9503009
-5.581639
0
-1.7280955
-3.369776
-3.2360904
-2.9964696
-1.3740477
-2.1227007
-2.0377856
-2.4376824
-2.4376824
-1.8140151
-3.2903285
-3.0713888
-3.1584765
-2.2906851
-1.8437661
-2.8635598
-3.2279166
-2.5856297
-2.5333695
-1.1663023
-2.9221591
-4.9122232
-1.2858105
-3.7050339
-2.8993319
-3.4044441
-3.4204082
-3.4500083
-3.2284698
-3.4183703
-3.7637606
-4.025894
-3.9118473
0.1025048
-1.7706916
-4.1924034
-4.2476653
-2.4069278
-1.9710645
-1.6045331
-2.1249454
-1.8887217
-3.3534653
-3.405985
-3.2571813
-2.6580166
-2.0177816
-2.2706846
-2.5608516
-3.6169437
-3.0431895
-3.5385722
-3.7919529
-3.0273814
-2.4591514
-2.1060972
-2.4745551
-3.1559234
-0.91370855
-1.6526082
-1.3621173
-4.6037175
-4.2932064
-3.42823
-2.5660573
-4.4293963
-4.2389072
-2.3721545
-3.6644344
-2.3721191
-3.0548181
-2.1852182
-2.7284225
-3.755584
-1.1582196
-1.8236107
-3.2659428
-3.5945604
-3.4015206
-3.6047703
-3.9898372
-5.3553801
-1.4961487
-3.0208163
-2.1299644
-1.6317544
-3.4685627
-1.5653302
-0.54232353
-2.7305085
-2.5270439
-3.1205711
-2.9146443
-3.6853008
-0.74116782
-0.90600321
-1.7298925
-1.7231936
-3.1192565
-4.0693555
-3.3073199
-2.4421111
-1.8293674
-3.071092
-2.8738972
-2.7130498
-2.3486904
-2.5259343
-3.0175897
-1.57373
-1.2738915
-2.9052141
-2.9590116
-2.8998011
-6.6647909
-2.3868406
-3.8450386
-2.718832
-2.9178857
-1.4545787
-1.5575534
-0.90826168
-2.6034348
-2.7558606
-4.8230253
-3.4514827
-3.3459226
-1.8659922
-2.4797909
-2.5096185
-1.4752003
-3.7693891
-3.8445094
-2.4824752
-1.8764191
-3.2287649
-3.3041985
-3.3768103
-2.5248521
-3.4785856
-3.5913116
-2.8764952
-2.5606751
0.15013482
-3.8043784
-2.3574951
-6.7551423
-2.209932
-2.9245483
-2.9245483
-3.5096118
-3.1117185
-2.165757
-1.2060354
-4.1445363
-1.3621173
-3.1946019
-3.3097271
-1.238071
-2.4955028
-1.7264333
-1.2170572
-1.9065677
-2.783004
-2.4534902
-2.9199508
-4.3724416
-6.8302611
-6.4673862
-6.6690449
-6.8268885
-6.8274023
-6.8127708
-6.8595858
-6.7371105
-6.9776797
-6.9307759
-6.8758783
-6.7034353
-6.5015826
-6.7211791
0.98942295
0.98476503
-6.7634324
-7.0178588
0
-6.2081751
-5.9877919
0
-6.8425034
0
-6.8411211
-6.9064224
-7.0791321
-7.0606152
-6.8420697
0
-5.8042911
-5.8837355
0
-6.3695937
-6.9646411
-7.0634093
-6.6594492
-7.1080072
-7.0190407
-6.9355208
-5.7712382
-6.7801649
-6.8508797
0
-7.4130517e-16
0.98670587
0
0.99007891
0.98471245
0.98471245
-6.9921209
-6.9197219
-5.482813
-5.5451987
-7.0653871
-7.1574621
-6.0264179
0
0
0
0
0
0
-5.6560466
0
-5.8485047
-5.7972744
-5.7024949
-6.9563338
-7.0632747
-7.094524
-7.1562089
0.99120746
-6.8216898
-6.4789391
0.98646696
-7.4130517e-16
-6.7533484
-6.7907859
-6.8216898
0
0
-7.122823
-6.997905
-7.1181718
-6.7955359
-6.9145267
-5.3124789
-7.1274674
-7.0352022
-5.3534973
-5.5274473
0
0
-5.7836214
0
-6.7767807
-7.1053458
-5.2187554
-7.0371574
-6.7159336
-6.6646316
-7.4130517e-16
-6.6931754
-6.9236329
-6.72697
-6.8561378
0
-6.6064515
0
0
-6.584561
0
0
0
0
-6.6990069
0
0
0
-6.768545
-5.4398052
-6.6244079
0
-7.0634588
-5.218443
-5.3523828
-6.8805251
-6.9371266
-7.0492612
-6.5841571
0
0
-7.0103784
-6.8963504
-7.0135839
-5.1877209
0
-5.1844162
-6.6109553
0
-6.9184951
-6.6705301
-6.787528
0
-5.2441258
0
0
-5.3957053
-6.963033
-6.968807
0
-6.7839831
-6.6016983
-6.6880034
0
0
-6.8999177
-5.2013326
-5.2892393
-6.963033
-5.2036378
-5.1957913
0
0
-6.6768228
-6.9100627
-5.2483149
-6.6016983
0
0
0
0
0
0
0
0
0
0
0
0
0
0
0
0
0
0
0
0
0
0
0
0
0
0
0
