-1.8293141
-2.5505643
-2.6046644
-1.5102461
-1.8874145
-2.3725368
-1.8355534
-2.6859453
-1.2730912
-1.5506024
-1.0605458
-1.7208214
-1.8837045
-1.6804063
-1.6841494
-1.6683786
-1.6354413
-1.5555915
-2.0925086
-2.2792401
-1.3332233
-2.6489389
-2.561666
-2.2199396
-2.6074787
-2.3134095
-1.2407102
-2.4290906
-1.9161086
-0.99696475
-0.63608008
-0.17601521
-1.2128317
-1.5424921
-1.7552449
-1.8310943
-2.0326772
-1.9302827
-3.1772287
-1.2726226
-1.1272859
-1.1601509
-3.0758818
-0.13634728
-2.4174877
-2.2226555
-1.5492479
-1.4905702
-1.521138
-1.5756213
-1.5606211
-1.5895966
-1.5110647
-1.9489539
-1.7096931
-2.1219147
-2.5282001
-1.9511865
-2.8872314
-2.3305855
-2.5701364
-2.2803619
-2.9496204
-1.6725567
-1.9550751
-1.0416734
-0.30396114
-1.7612984
-2.2647349
-1.1651368
-1.8806222
-1.5134582
-1.9182679
-1.4235478
-1.7444365
-2.4192988
-2.4275924
-1.9503489
-2.5919129
-1.8702921
-1.3421585
-1.4167463
-1.2450564
-1.2813388
-1.8977128
-1.2099491
-1.2467858
-0.44691002
-2.8296106
-1.4384825
-1.6391892
-2.0898375
-1.9681542
-3.2978745
-2.9681755
-2.6493857
-1.160838
-0.87308586
-1.4640511
-2.1758919
-2.0362277
-1.573153
-1.6550166
-1.8489345
-1.4763057
-1.4030529
-1.387952
-2.0741333
-1.8267967
-2.0602111
-2.4253713
-1.9542658
-1.6899941
-1.2015005
-2.3613419
-1.8581466
-2.649381
-2.7564941
-2.2171798
-2.5881764
-2.0027794
-1.81691
-1.3425326
-1.4638492
-1.4701416
-1.9314086
-1.6166592
-2.4467322
-2.6264456
-2.6470995
-1.9500314
-1.7898217
-0.98669105
-0.87877649
-1.8054157
0.054639306
0.18050234
-0.028587264
-1.7000567
-0.75443804
-1.4827705
-1.9772864
-2.0430802
-2.0330048
-1.6039474
-1.7257806
-1.4839571
-1.6994327
-1.9598396
-2.5794411
-1.4132955
-2.0833042
-2.2185414
-3.0365418
-1.5379181
-1.444566
-1.3063286
-1.4209281
-1.3415321
-1.4847997
-0.92779167
-2.8893798
-1.1870335
-2.7938596
-3.5756721
-2.342892
-2.0692909
-2.0210714
-1.8208987
-2.4225125
-1.9133834
-1.5406211
-0.66691241
-0.4846869
-0.31034015
-1.6263169
-1.5329087
-1.6916277
-1.6438624
-1.4441494
-1.9752095
-1.7120498
-2.0108248
-2.2031037
-1.7550142
-2.5156689
-2.7388634
-2.3727213
-2.1694148
-2.5518715
-1.7441232
-1.8243272
-1.9782301
-1.2843939
-2.160687
-2.3224151
-1.650128
-1.882972
-1.9055651
-1.9916887
-1.5537534
-1.6933408
-2.5333991
-2.2393837
-2.2875484
-2.6139448
-2.6111032
-2.5190852
-1.4653414
-1.2587077
-1.4155026
-1.6208999
-1.4211593
-1.4561003
-0.59770676
-1.0530302
-0.92300682
-1.662333
-1.810942
-1.8052852
-3.0080951
-3.0756182
-2.7630643
-2.7064653
-1.1806345
-1.2130092
-1.4183991
-1.8655508
-1.843165
-1.6382843
-1.5512089
-1.5798779
-1.6697567
-1.7137055
-1.7688488
-1.5494459
-1.8142957
-1.6462638
-1.5544998
-1.6774743
-1.7537824
-1.5563904
-1.8273152
-2.0752883
-2.2898732
-2.1255535
-2.1015296
-1.5360792
-1.4958003
-1.3625469
-1.2672955
-2.6196066
-2.5820881
-2.7344512
-2.472817
-2.7660397
-2.6441687
-2.6504251
-1.8944674
-1.7825521
-2.1763103
-2.3072724
-2.5656428
-2.5301792
-2.1084962
-1.7080172
-1.8668124
-2.5930573
-1.9146735
-1.9456206
-1.7614929
-2.2200949
-2.2799062
-2.1331006
-2.4909542
-2.9426785
-2.9337569
-2.4382936
-2.2770404
-1.7188605
-1.931135
-1.7623416
-2.1804155
-2.0199393
-2.20448
-2.1736054
-1.8157071
-0.39841861
-0.68320497
0.068354467
-0.63914968
-0.14808021
-0.74111496
-0.61346477
-0.91650868
-2.093781
-1.9406174
-1.8976007
-0.3549716
-0.86469349
-0.38853367
-0.55415385
-0.38097845
-1.793415
-1.8040351
-1.7413589
-1.6222879
-1.5776236
-1.6743442
-1.4938872
-1.4762211
-1.4915955
-1.5430279
-1.4246153
-1.5363252
-1.7720847
-1.5261398
-1.9023668
-1.9141215
-1.9529264
-1.9798844
-1.6508473
-1.4853224
-1.577121
-1.8191406
-2.2928632
-2.6812147
-2.6160407
-2.8487779
-2.3259095
-2.045899
-1.5344484
-1.6634401
-1.9512742
-1.6025224
-1.8030307
-1.7326329
-1.4793103
-1.2664309
-1.3562758
-1.3177179
-1.2506425
-1.263012
-1.2757437
-1.3047445
-1.3202141
-1.3097087
-1.7901653
-1.5214093
-1.5910933
-0.73240634
-0.76788833
-0.34920126
-1.1140662
-0.31203097
-1.8386665
-1.9401232
-2.4153886
-2.2708276
-3.2930199
-3.7456915
-3.771815
-3.3360935
-3.3864184
-1.8427145
-2.0660572
-2.0050459
-2.2401474
-2.1715383
-2.2448863
-2.0883624
-2.5288332
-2.6292981
-2.3658295
-2.8486879
-2.5227986
-2.3156984
-2.1184989
-1.7367905
-1.9436753
-1.2584884
-1.1178272
-0.9481915
-1.2244972
-0.5856163
-0.55014144
-1.2453262
-1.3133306
-1.5153602
-1.5473072
-1.5264912
-1.4997458
-1.5307729
-1.5855181
-1.5683775
-1.6157115
-1.5191646
-1.4303088
-2.1832856
-2.1140153
-1.8571489
-1.6572209
-2.3389706
-2.644964
-2.4772405
-2.2846834
-1.737393
-1.6963573
-2.0324453
-2.7987502
-2.3719997
-2.9210563
-2.8057677
-2.6654572
-2.3907504
-2.6974238
-2.6567509
-2.6272658
-2.9331766
-1.6687904
-1.7482021
-1.7806909
-1.993449
-0.31787765
-0.16744481
0.058477116
-0.40708471
-0.89400528
-1.2554544
-2.0897875
-1.6789694
-1.4714135
-1.0061853
-1.8527335
-1.8598998
-1.6794096
-1.7936128
-1.8233756
-1.7333572
-1.3280804
-1.5023795
-1.5590207
-1.7954015
-2.164235
-2.2198105
-2.3142142
-2.0947019
-1.8031245
-2.3002178
-1.7886642
-2.3420767
-2.3081912
-2.28869
-1.2395267
-1.2176518
-1.2264026
-1.2291584
-1.2421138
-1.948325
-1.6326099
-1.478894
-1.512599
-1.5499038
-1.2449428
-1.1098674
-1.0635226
-0.81771323
-0.81181155
-0.53517002
-2.0708793
-1.3477108
-1.1682753
-1.9447963
-2.4059685
-1.763814
-2.0057518
-1.8858851
-2.0806736
-2.2972958
-3.3134259
-3.3027132
-3.1254198
-3.1363549
-2.8991963
-2.4341968
-1.1267004
-0.93516061
-1.109431
-1.2129178
-1.5899315
-2.3787964
-2.2813158
-2.0872232
-1.6483276
-1.6058218
-1.5099631
-1.5399545
-1.6150141
-1.6729682
-1.7601654
-1.8543048
-1.7058244
-2.0157921
-1.750787
-1.8946219
-2.038556
-1.8101247
-2.0078293
-2.2135815
-2.2024872
-2.3157994
-2.3315318
-2.447512
-2.2100087
-2.2307906
-1.7409702
-1.8478283
-1.5118103
-1.7401535
-1.5353104
-1.2694812
-1.2847131
-1.3327511
-1.9989972
-1.4921214
-1.2957785
-1.3333693
-2.1214274
-2.319814
-2.3776954
-2.8137513
-2.7631414
-2.5075105
-2.6537344
-2.6023508
-2.1250119
-2.3692998
-2.6166535
-1.9668585
-2.4458081
-2.6068112
-2.5146756
-2.1653137
-1.8045344
-1.6001783
-1.4637596
-1.4800399
-1.3630263
-1.283604
-1.7053932
-1.5044309
-1.6030744
-1.3495277
-1.4092239
-1.5869486
-1.3739908
-1.3033064
-1.8195186
-2.0705574
-2.2720042
-2.852289
-2.6738807
-2.3865312
-2.3142165
-1.8869691
-2.1619175
-1.9684171
-1.7336586
-1.8879131
-1.8972702
-1.4628697
-1.1956166
-1.2622393
-0.91256905
-1.5628578
-1.743441
-1.3553761
-1.0594884
-0.56302477
0.17317736
0.19313296
-0.054989421
-0.23575979
-0.54097938
-2.0065874
-1.7825425
-1.5560444
-1.266806
-1.249702
-1.2374095
-1.1636027
-1.3275048
-1.5937944
-2.2342361
-2.2292647
-2.3395267
-1.9792782
-1.8232901
-1.614155
-1.5352739
-1.4657356
-1.6381469
-1.574334
-1.5714673
-1.9789736
-1.739589
-1.7202662
-1.8082339
-2.0220277
-2.1911861
-2.2211906
-2.656205
-1.3169291
-1.4825684
-1.4579096
-1.911758
-2.817351
-2.4551013
-2.8925736
-3.148384
-3.2516048
-3.0339585
-1.4258524
-1.3604085
-1.2972502
-1.5479442
-1.3603965
-1.3100693
-1.355566
-1.2547293
-1.7302288
-1.1942588
-1.4821338
-1.4227071
-1.3803924
-1.2622207
-1.2640379
-1.2892277
-1.2135628
-1.2383002
-1.2561112
-1.5394607
-1.4763477
-1.2188214
-1.1256694
-1.7335831
-1.7378654
-2.0608719
-2.2135959
-2.4263517
-1.8305067
-2.1161451
-2.4835759
-2.6315903
-3.2389159
-3.3728172
-3.0106617
-2.9394551
-2.7424575
-2.1923082
-2.3442137
-2.2248783
-2.2395925
-2.0923463
-2.1273885
-2.0675676
-2.0329316
-2.0083494
-1.9529374
-1.9617005
-1.8487496
-1.6683928
-1.9273124
-1.9867298
-2.7908948
-2.256864
-1.6802042
-1.5628199
-1.6474665
-1.6303392
-1.6591765
-1.0837536
-0.51689284
-0.32441879
-0.16758394
-0.54721718
-1.5059194
-1.6873362
-1.6411342
-1.7668775
-1.7303002
-1.5789499
-1.8591889
-1.8043529
-1.8922345
-1.9805981
-1.8678553
-2.1489457
-2.4163416
-2.0618992
-1.9857761
-1.7877294
-1.858087
-2.2369908
-2.0260635
-2.3065333
-2.2908171
-2.0904991
-1.7829761
-1.9666599
-1.9109484
-1.7490882
-2.5719945
-2.3897216
-2.4065649
-2.5909657
-2.62332
-1.3941381
-1.3793143
-1.5948056
-1.5310185
-1.5010273
-0.82369567
-0.78750762
-1.1793919
-0.94701338
-1.7021238
-1.7516353
-1.7859479
-2.8478658
-2.8986496
-2.7091596
-1.2167774
-1.249697
-1.2793902
-1.8036057
-2.1556175
-1.7249145
-1.6047225
-1.5994721
-1.6595661
-1.6890641
-1.6935287
-1.5632224
-1.6382348
-1.587589
-1.6291595
-1.6779756
-1.8932714
-1.7894841
-1.8685209
-2.3438526
-2.1659857
-1.4270422
-1.5103528
-1.4477057
-2.6519584
-2.7053355
-2.6640279
-2.4151942
-2.5518449
-2.4391777
-1.7602022
-1.7970844
-2.3068457
-2.4550888
-2.5337713
-2.6162888
-2.2404909
-1.9328957
-2.0524079
-2.5434214
-2.217567
-2.3467858
-2.1459614
-2.3302437
-2.3856795
-2.442794
-2.5510953
-2.551011
-2.6765824
-2.4041515
-1.6833163
-1.6964706
-2.3244212
-2.2158302
-2.3241365
-2.2396734
-0.17941147
-0.66661654
-0.16069924
-0.082696524
-0.75178036
-0.55221419
-0.85677488
-0.72635226
-0.87414795
-2.0891553
-2.0549966
-2.0246598
-0.40320765
-1.7232001
-1.7045541
-1.5596633
-1.4906471
-1.503306
-1.4732077
-1.4473609
-1.4840429
-1.5536294
-1.4095848
-1.8797456
-1.9329509
-1.8722084
-1.8823977
-1.8050518
-1.7730134
-1.8661837
-2.1285961
-2.4899603
-2.3324905
-2.5236104
-2.2440319
-1.9538978
-1.9175845
-1.8455745
-1.7398667
-1.5691911
-1.2741833
-1.2329499
-1.2926427
-1.2784297
-1.2840374
-1.3214747
-1.3039125
-1.3285939
-1.8991079
-1.649373
-1.8191933
-0.39967
-0.3633504
-0.17977441
-0.24254359
-0.15706555
-1.5481347
-2.0532342
-2.0575634
-3.2331929
-3.722155
-3.5871446
-3.5690139
-3.3326145
-1.8133845
-1.9597275
-1.8981928
-2.298221
-2.2154369
-2.3281647
-2.265083
-2.4377895
-2.9438825
-2.8937602
-3.0121305
-2.3815369
-2.3006105
-2.1267293
-2.0114944
-2.0726953
-1.2067741
-1.1635883
-1.0551249
-1.3558891
-1.3091141
-1.411934
-1.3708346
-1.5042806
-1.4819825
-1.4982365
-1.4885643
-1.5315565
-1.5119119
-1.5538063
-1.591058
-1.5484374
-1.5329144
-1.4418294
-1.4389222
-1.4331359
-1.4597081
-2.0202734
-2.0608639
-1.8997975
-1.6637135
-1.6711026
-1.609113
-1.6055796
-2.2194571
-2.3502707
-2.3010756
-2.0410408
-2.2569318
-2.0626406
-2.1688243
-1.619938
-1.6221349
-2.068719
-2.1674314
-2.9516476
-2.8601231
-2.9346634
-2.7483952
-2.8715086
-2.7668548
-2.7445929
-2.5992933
-2.3475332
-2.490847
-2.5482756
-2.7499951
-2.7524841
-2.8871878
-2.9761744
-1.6713895
-1.7043467
-1.7057798
-1.9894093
-1.8798918
-2.1270502
-2.2071376
-0.6774598
-0.37988361
-0.59518874
-1.5697215
-1.0599173
-1.2422061
-1.0884928
-0.54675338
-1.5035371
-2.0903326
-1.9785513
-1.9192993
-1.4528301
-1.4027903
-0.6102047
0.24684576
-0.87547443
-0.71273351
-1.8548844
-1.8344867
-1.8573612
-1.8622498
-1.7268024
-1.842111
-1.3607568
-1.4406974
-1.8115707
-1.7733311
-1.8383393
-1.8696461
-2.3088396
-2.282901
-2.3463486
-2.0963082
-2.2426334
-2.0730395
-1.9698857
-1.8945855
-2.4829762
-2.5701829
-2.3183913
-2.415701
-2.5583913
-2.4045314
-2.3818609
-2.247824
-1.2808783
-1.2358895
-1.2920551
-1.3188625
-1.2500646
-1.242397
-1.231864
-1.2480216
-1.9211787
-1.765674
-1.6833979
-1.319077
-1.3490996
-1.1114704
-0.96309429
-1.134996
-0.48705569
-1.0647652
-0.86802055
-1.0983918
-1.4197823
-2.6051085
-1.727994
-1.721324
-1.8409164
-1.7855545
-1.8914269
-1.8801899
-2.0974257
-2.1749932
-2.1764679
-3.3194999
-3.2701324
-3.2719457
-2.8291289
-2.973482
-2.7264277
-2.5488413
-2.5893167
-2.5960036
-2.4779948
-1.1401435
-1.1143695
-1.253027
-1.2092657
-1.2902963
-1.4549444
-1.5484324
-2.2841291
-2.3394496
-2.1947606
-1.6633413
-1.7401741
-1.5951116
-1.5319066
-1.5121851
-1.5261752
-1.5068938
-1.6446055
-1.5483802
-1.6021394
-1.5656951
-1.6292352
-1.6442817
-1.6548706
-1.7655189
-1.7435384
-1.8098681
-1.9657376
-1.6154075
-1.8155614
-1.6108339
-1.7776864
-2.0290381
-1.9659315
-1.5839442
-1.6849297
-1.6909757
-1.8782569
-1.7812106
-2.0166867
-2.1110669
-2.1816296
-2.2858441
-2.1788931
-2.1526118
-2.2412997
-2.2372694
-2.3606024
-2.4720023
-2.3635327
-2.345558
-1.9645838
-1.9827945
-1.7691356
-1.6547115
-1.6753214
-1.8348712
-1.942016
-1.793535
-1.2184692
-1.3072105
-1.3746723
-1.2822572
-1.4047818
-1.3010164
-1.2274431
-1.3737565
-1.5372578
-2.1619499
-2.0559154
-2.2568895
-2.6183499
-2.5313344
-2.6052935
-2.4346488
-2.6428672
-2.5867782
-2.7595281
-2.6762107
-2.6260997
-2.8363642
-2.8528148
-2.8462045
-2.6134739
-2.7251296
-2.590831
-2.7032905
-2.5363005
-2.6287207
-1.9734285
-2.0416213
-2.1027181
-2.1963069
-2.5382048
-2.488683
-1.7577801
-1.8864531
-1.6897024
-2.5090885
-2.3999294
-2.5323584
-2.5912477
-2.5980894
-2.548707
-2.5933707
-2.5046336
-2.3852076
-2.2108637
-2.1012923
-1.7223452
-1.6377707
-1.5409626
-1.4682832
-1.4035871
-1.3058206
-1.3979174
-2.4481149
-2.1626396
-2.022066
-1.6583847
-1.6402556
-1.4726774
-1.4945649
-1.8156282
-1.4846266
-1.7841804
-1.7155491
-1.8920196
-1.6330348
-1.698762
-1.8665676
-2.2405764
-2.1433635
-2.0995102
-2.3780049
-2.8041225
-2.8082494
-2.9442464
-2.8512206
-2.8776526
-2.6977925
-2.5760768
-2.4087624
-1.9380188
-1.9121075
-1.8134532
-1.7743833
-2.1241736
-2.2018252
-2.0618987
-1.9391383
-2.0584912
-1.9861116
-1.8120485
-1.8956413
-1.8328859
-1.878446
-1.9957036
-1.949233
-2.014336
-1.9226441
-1.5990672
-1.3045812
-1.4981628
-1.8564537
-1.5180438
-1.6739948
-1.348753
-1.3423757
-1.4502048
-1.1760107
-0.24755746
0.25856508
-0.80891001
-0.38060182
-0.81345691
-0.18017099
-0.10981834
0.011337594
-0.1169764
-0.62695809
0.22111429
0.16815273
0.099208989
0.0084964367
-0.15393379
-0.062795335
0.029566391
-0.67220854
-0.56494201
-0.9932728
-0.78501985
-0.76669795
-0.91743466
-2.046947
-2.0416867
-2.0679493
-1.7915512
-1.9689022
-1.6760647
-1.5841941
-1.4058203
-1.5078686
-1.0530344
-0.89638496
-0.57357632
-0.98357392
-1.0208911
-1.2003908
-1.0345032
-1.2297058
-0.92928897
-0.648224
-0.84098506
-1.0359061
-1.4097678
-2.0935921
-2.0903322
-1.8962708
-1.6897179
-1.716214
-1.8431129
-1.663385
-1.625533
-1.5647427
-1.5266239
-1.4540817
-1.4549469
-1.4840506
-1.5286655
-1.5084688
-1.6177337
-1.5423955
-1.4974279
-1.5333382
-1.5743505
-1.5076542
-2.0681635
-2.1423248
-1.889254
-1.7077462
-1.8062494
-1.7358713
-1.7744137
-1.6157746
-1.6054987
-1.7137868
-1.9458367
-1.8505567
-1.9009078
-1.9244975
-1.9736698
-2.0683751
-2.0418436
-2.0032972
-2.1152701
-2.1990135
-2.2756091
-1.3175013
-1.3518345
-1.3347856
-1.3991826
-1.8549067
-1.742395
-1.9202221
-2.1572523
-2.3442939
-2.3353578
-2.3119923
-2.4506365
-2.8594241
-2.8217381
-2.7978475
-3.0396345
-3.0537679
-3.1234948
-3.1867882
-3.1260788
-2.7134179
-2.9226744
-2.8331214
-2.8163353
-2.6726372
-1.7631849
-1.4998102
-1.5504098
-1.5281091
-1.4709027
-1.4116398
-1.2969444
-1.4253227
-1.8630484
-1.8174054
-1.6984552
-1.5130081
-1.4946778
-1.4122622
-1.3261912
-1.3775782
-1.3369304
-1.3933001
-1.3969111
-1.3651264
-1.3281626
-1.2593837
-1.4012999
-1.4620838
-1.4060537
-1.4360707
-1.3574917
-1.3315078
-1.3854129
-1.3393998
-1.3272458
-1.2271573
-1.2390391
-1.2837351
-1.3156023
-1.2941632
-1.2657064
-1.3091976
-1.2776364
-1.2774969
-1.210117
-1.2409548
-1.5040517
-1.3156682
-1.5048132
-1.408911
-1.3844982
-1.4125998
-1.6798578
-1.3897027
-1.3481306
-1.1389346
-0.71413139
-1.0785945
-1.1549069
-1.8696214
-1.4007814
-1.1663057
-1.6641247
-1.7061175
-2.1233909
-1.70294
-1.8072374
-1.8944966
-2.0148157
-2.6017495
-2.4220318
-2.6536352
-2.5522382
-2.7361763
-2.3709636
-2.9105687
-3.2103993
-3.619818
-3.6476268
-3.4577854
-3.0470012
-3.1616879
-3.0153949
-3.3283452
-3.0747248
-3.0158832
-2.7976366
-2.6143049
-2.7143455
-2.0651277
-2.3163646
-2.0719687
-2.1658337
-2.100224
-2.2052673
-2.2089582
-2.0802907
-2.1150614
-2.1361491
-2.1210929
-2.1288681
-2.0402424
-2.0584819
-2.0113228
-1.9913316
-2.1250262
-2.0293879
-2.1399251
-2.0298242
-2.2548745
-1.8458862
-1.5941282
-2.0872609
-2.4860965
-2.1743997
-2.2376977
-2.0705164
-2.2016837
-3.0780563
-2.9021623
-2.9185944
-2.163759
-2.420033
-1.9886975
-1.8440904
-1.8270186
-1.8170549
-1.6186788
-1.6349712
-1.7225594
-1.7314319
-1.6836915
-1.6894042
-1.7213637
-1.8027597
-1.45464
-1.4504166
-1.4040799
-0.98533967
-1.0008664
-0.81492707
-0.62709551
-0.58220786
-0.47382104
-0.76650909
-0.60978446
-0.55471742
-0.37200345
-0.37891554
-0.29471972
-0.3468213
-0.35878109
-0.5194372
-0.43946357
-1.5875507
-1.4743339
-1.5767712
-1.6551652
-1.720827
-1.5947539
-1.5405652
-1.5046115
-1.5565202
-1.595975
-1.6117586
-1.5403262
-1.529783
-1.5163012
-1.4875544
-1.9322992
-1.815372
-1.7574014
-2.0493338
-2.1673243
-2.0572993
-2.0687925
-1.9241212
-1.6664605
-1.6715112
-1.8696445
-2.7952964
-2.883673
-2.7145229
-2.6340334
-2.5150088
-2.1844595
-2.3760946
-2.2748393
-2.4817126
-1.6760806
-1.7116443
-1.727383
-1.8814614
-1.506648
-1.1252862
-1.6388417
-1.3028285
-1.8480289
-2.0055298
-2.2646918
-2.141234
-2.1259005
-1.7389755
-1.8917059
-1.9098131
-1.935454
-1.961759
-1.96761
-1.4867409
-1.454794
-1.5053108
-1.6586361
-1.7622879
-1.7851125
-2.5700654
-2.3948544
-2.459154
-2.217116
-1.9887296
-2.5788991
-2.6147176
-2.6065949
-1.3386268
-1.5158447
-1.2846556
-1.3511949
-1.5118807
-1.3013791
-1.7630871
-1.658115
-1.5797404
-1.4614961
-1.4017972
-0.5839625
-0.81517802
-0.64769062
-1.0031529
-1.1205471
-1.6448636
-1.6867993
-1.6916387
-1.9528578
-3.143784
-3.2401838
-3.1340727
-2.9148357
-2.7329657
-1.1741571
-1.4058269
-1.1694705
-1.1912683
-2.0458851
-2.0598919
-1.8222448
-1.7019663
-1.5346944
-1.5317436
-1.5613547
-1.6168601
-1.6734766
-1.6793993
-1.6904642
-1.7241062
-1.7748299
-1.4558038
-1.6160464
-1.7272841
-1.7231857
-1.4708452
-1.5701029
-1.6554025
-1.7600915
-2.0214681
-2.017791
-2.224534
-2.3135277
-2.0147617
-1.6180958
-1.5719008
-1.4962563
-1.4037684
-1.1960821
-1.2405337
-1.2092376
-1.2120341
-1.3204225
-2.527379
-2.4256034
-2.5789818
-2.668173
-2.7042832
-2.6449521
-2.4749149
-2.6933938
-2.6644798
-2.6809045
-2.7000671
-2.7188727
-2.7033492
-2.638408
-2.440788
-1.8294256
-1.8437889
-1.9607672
-2.0421558
-2.077897
-2.2345432
-2.4295681
-2.5746917
-2.5937059
-2.5974743
-2.5174401
-1.9379075
-2.157443
-1.7347824
-1.7823287
-1.7454428
-2.4987544
-2.1094728
-2.248248
-1.8950676
-1.7020996
-1.6130139
-1.7221082
-1.9265226
-2.0049761
-2.0889762
-1.9840933
-2.043264
-2.2201841
-2.3133345
-2.5113035
-3.0424989
-3.0345042
-2.9728845
-2.7157493
-2.5366727
-2.6444393
-2.4774349
-2.2525206
-2.0567262
-1.8143451
-1.9773334
-1.8050091
-1.8469292
-1.9180822
-2.0504766
-1.9997911
-2.1189896
-2.1361812
-2.0349148
-1.8655483
-1.9860943
-2.0209618
-0.48151852
-0.67491446
-0.43289943
-0.10739631
0.01856636
0.26836464
-0.47922996
-0.12182463
-0.42073192
-0.30839208
-0.78326518
-2.0808395
-2.0631718
-2.0362992
-1.8546348
-1.664568
-0.65232546
-0.94841496
-0.43386515
-0.5582024
-0.451687
-0.6268282
-0.4570933
-1.8487975
-1.8003806
-1.7874024
-1.697119
-1.5336636
-1.4739298
-1.5245701
-1.473723
-1.4061779
-1.7986972
-1.6207634
-1.6248113
-1.6218176
-1.845702
-1.8644452
-1.9096225
-1.9587029
-1.9703672
-1.988679
-1.9653508
-1.8930048
-1.4465786
-1.6478693
-1.6970254
-2.0060504
-2.382208
-2.5705656
-2.5268291
-2.6456228
-2.896025
-2.9906573
-2.7667396
-2.6586678
-2.3869893
-1.7468746
-1.4240388
-1.6225142
-1.5919169
-1.7497093
-1.5654671
-2.0854466
-1.7562199
-1.8827918
-1.6942818
-1.565646
-1.4620263
-1.5878553
-1.3107707
-1.3504251
-1.3098399
-1.2910526
-1.2993731
-1.2485955
-1.3011457
-1.2850959
-1.3236612
-1.3290096
-1.3178617
-1.3142393
-1.5306812
-1.6616023
-1.5868481
-1.3986334
-0.88796842
-0.96508804
-0.62178337
-0.51855399
-0.9775367
-0.72573458
-0.54947118
-0.48743585
-1.8295074
-2.1403843
-2.1332485
-2.3819668
-2.8603312
-3.1920348
-3.4604065
-3.7472925
-3.8018929
-3.7270042
-3.5160372
-3.6540689
-3.5303617
-3.204514
-1.9569822
-1.9758654
-2.0384835
-2.0266208
-2.1698641
-2.1617856
-2.1803643
-2.1766553
-2.130958
-2.0849027
-2.2116929
-2.2412562
-2.4186767
-2.3587543
-2.3237697
-2.553832
-2.6457922
-2.7943628
-2.7505472
-2.6017718
-2.3417956
-2.1586552
-1.9946622
-1.7815874
-1.9506927
-1.8449283
-1.8484782
-1.3214274
-1.2730684
-1.2245295
-0.99592006
-0.83132618
-0.7971346
-1.105318
-0.71261906
-1.0217306
-0.90388833
-0.96888278
-0.96313477
-1.317771
-1.4165681
-1.5229818
-1.6125904
-1.6901965
-1.5472248
-1.5155197
-1.5062944
-1.5091848
-1.5005877
-1.5084649
-1.5175805
-1.5765713
-1.6220171
-1.568798
-1.5818601
-1.5621328
-1.488413
-1.4234636
-1.4713488
-1.4343728
-1.4400007
-2.2637717
-2.1394007
-1.9990719
-1.821459
-1.7502805
-1.7389483
-1.7188612
-1.6550762
-1.5729309
-2.5732548
-2.4957717
-2.6140676
-2.4713334
-2.2183395
-2.3400087
-2.3302333
-2.2943552
-2.3078741
-2.3212299
-1.6863735
-1.6251495
-1.6974755
-1.7036917
-1.7139354
-1.7862114
-1.9271735
-2.0976084
-2.1813292
-2.5451347
-2.2566767
-2.65322
-2.7567082
-2.7366525
-2.9012623
-2.8679822
-2.7702838
-2.7328167
-2.6514331
-2.6844288
-2.4005211
-2.5362161
-2.5361312
-2.6132558
-2.7735262
-2.5375633
-2.8693201
-2.9874136
-3.0115027
-2.8179307
-1.6574845
-1.702551
-1.7233942
-1.7850428
-1.9154965
-1.759854
-1.9000777
-1.980213
-2.1015615
-2.0450121
-2.2251085
-0.78858643
-0.65920268
-0.3434174
-0.90006533
-1.2019854
-2.1197664
-2.0302707
-1.8153318
-1.2584258
-1.6046018
-0.9627245
-0.4178484
-1.813833
-1.7345768
-1.792333
-1.6902205
-1.6836856
-1.8881422
-1.7797322
-1.6421075
-1.7278622
-1.6801344
-1.6175975
-1.6049729
-1.3639078
-1.6827054
-1.5671448
-1.7409102
-1.8149896
-1.8929924
-2.0508469
-1.9809294
-2.1782994
-2.2697574
-2.3004175
-2.3224338
-2.2720209
-2.2708617
-2.1346101
-2.0551147
-1.9311274
-2.2940182
-2.0336152
-2.0602588
-1.9860765
-2.10308
-2.4738473
-2.365108
-2.2256166
-2.0794755
-2.0990332
-1.2279476
-1.21803
-1.2223688
-1.2224663
-1.2491763
-1.2323425
-1.254301
-1.2478204
-2.0120967
-1.804692
-1.8134734
-1.3351609
-1.5008534
-1.4467995
-1.304354
-1.0621234
-0.92311058
-0.68562323
-1.345997
-1.6748545
-1.8781361
-1.6034237
-2.4928594
-2.9064863
-2.7427439
-1.8287536
-1.944701
-1.9026126
-1.960423
-2.0496871
-1.8170693
-2.0078472
-2.0908579
-2.1546533
-2.2468749
-2.3409642
-3.249824
-3.2221308
-3.2933783
-3.2047633
-3.0612798
-3.2276521
-3.0158155
-2.8962312
-2.7612938
-2.3385755
-1.1380029
-1.0226992
-1.0669608
-1.008196
-1.1727044
-1.2441997
-1.164228
-1.1878594
-1.3556191
-1.5818717
-2.406121
-2.3576056
-2.347557
-2.1846269
-1.9501892
-1.9131013
-1.8393246
-1.6729675
-1.6341487
-1.636603
-1.7280142
-1.5854687
-1.5420214
-1.5328216
-1.5149103
-1.5629182
-1.5719757
-1.6231252
-1.6319814
-1.6512311
-1.6701606
-1.6943847
-1.6995272
-1.6869893
-1.734156
-1.765614
-1.8442625
-1.7522445
-1.9373677
-1.9256216
-1.9401303
-1.9805821
-1.7593518
-1.8581941
-1.9754151
-2.0619662
-2.0928741
-2.1074745
-1.6351617
-1.6750476
-1.8354016
-1.9014156
-1.9297245
-2.0730616
-2.1211907
-2.1768271
-2.2371449
-2.3284276
-2.2738123
-2.350819
-2.3594831
-2.3863659
-2.4147657
-2.3809835
-2.4937774
-2.4333682
-2.3276281
-2.1755286
-2.0954689
-2.1603143
-1.9398383
-1.7582228
-1.6571191
-1.5927255
-1.438358
-1.8842559
-1.894909
-1.5335257
-1.7154234
-1.5948889
-1.5120603
-1.3505676
-1.2893651
-1.3008937
-1.3088563
-1.2595226
-1.3467437
-1.2574528
-1.4489576
-1.5616975
-1.7078192
-1.5838198
-1.759045
-1.9712134
-2.0626694
-2.4654102
-2.3760972
-2.48949
-2.1087455
-2.2895286
-2.2286526
-2.739317
-2.7953429
-2.760951
-2.8202838
-2.8389514
-2.7498195
-2.6895969
-2.4823406
-2.3861025
-2.4639447
-2.5897912
-2.6211452
-2.6985149
-2.6524428
-2.6403713
-2.589719
-2.1482045
-2.3135629
-1.9974366
-2.2030592
-2.4170334
-2.5804876
-2.629562
-2.6769887
-1.7403867
-2.0252837
-2.0630065
-2.2617731
-2.3059957
-2.5667006
-2.6539898
-2.5950455
-2.5212176
-2.3030322
-2.1988382
-2.541552
-2.4116099
-2.0774757
-2.0094775
-1.7348661
-1.5743162
-1.566198
-1.5176968
-1.5278231
-1.453209
-1.4272236
-1.6136428
-1.4314907
-1.319314
-1.2862642
-1.2658464
-1.2531799
-2.0371074
-1.8652527
-1.9116066
-1.62293
-1.4782699
-1.310463
-1.2839424
-1.2645199
-1.2896122
-1.3276964
-1.3371931
-1.3935466
-1.3746335
-1.5389168
-1.426586
-1.4464849
-1.5965294
-1.1498151
-1.4174164
-1.4355739
-1.7463747
-2.0036473
-1.9678248
-1.8613059
-1.954056
-2.0211296
-2.0360212
-2.6115023
-2.7365945
-2.6055788
-2.9660927
-2.7727589
-2.5422005
-2.39396
-2.3067518
-2.2145729
-2.0862772
-1.9997929
-2.1827077
-2.153635
-1.8546958
-1.6513979
-2.2772995
-2.1739697
-2.0505603
-2.0903385
-2.1134383
-2.2246848
-2.2305047
-1.9028647
-1.7123571
-1.3911301
-1.3460622
-1.8082625
-1.8633235
-1.9379723
-1.9523167
-1.9560256
-1.9351745
-1.753495
-1.5481405
-1.1767553
-0.9935031
-0.69392688
-1.1323289
-1.0547723
-1.5395725
-1.4947776
-1.5217808
-1.0580916
-1.6285181
-1.7241057
-1.6535428
-1.649014
-1.5161338
-0.97448259
-1.1972979
-1.4787959
-1.4337067
-1.1204509
-0.61607558
0.16224756
0.20373044
0.24840873
0.11312035
0.059504425
0.024860188
-0.3382245
-0.45910462
-0.36289342
-0.25184671
-0.18205654
-0.24733862
-0.36332138
-0.45515194
-0.89759929
-0.21123831
-0.38008474
-0.48507159
-1.5196389
-0.81282455
-2.0088862
-2.0255439
-1.9645667
-2.0069577
-1.9519612
-1.8952783
-1.7976424
-1.6757473
-1.6366871
-1.7649183
-1.6920014
-1.3771775
-1.0579467
-1.1467597
-1.4902896
-1.3584648
-1.3616695
-1.3510191
-1.312206
-1.3089404
-1.3767653
-0.85325288
-1.2164856
-1.362458
-1.4425622
-1.5286391
-1.6529626
-2.4311413
-2.4893495
-2.2604538
-2.1436531
-1.7949454
-1.8753216
-1.9061111
-1.7685947
-1.7249584
-1.6688647
-1.5376496
-1.4755206
-1.4820602
-1.5124484
-1.5429618
-1.6143006
-1.7501194
-1.712323
-1.6546205
-1.6060659
-1.5339717
-1.609774
-2.294695
-2.1517066
-1.8958197
-1.9042959
-1.7657623
-1.5242036
-1.6878346
-1.8232035
-1.8037045
-1.7421623
-1.9331121
-2.1314414
-2.1534312
-2.2582853
-2.4069923
-2.0889006
-2.2339699
-2.5284422
-2.487757
-2.4747617
-2.7380478
-1.2939103
-1.3209454
-1.3675824
-1.400248
-1.831316
-1.4881261
-1.7957313
-1.6660951
-1.9971449
-2.2922678
-2.7579909
-3.0297406
-2.0734885
-2.0726606
-2.3376148
-2.5418567
-2.6872143
-2.5423018
-2.8000829
-3.0526332
-3.2238453
-3.2734502
-3.2978458
-3.2660169
-3.11459
-3.1136603
-3.2045609
-3.0656896
-2.8939015
-1.4239863
-1.376306
-1.4497705
-1.3283403
-1.6717846
-1.2815593
-1.2680713
-1.2638519
-1.7766582
-1.6984748
-1.5541546
-1.4213042
-1.4986857
-1.4086924
-1.3517037
-1.2937032
-1.2803928
-1.3096442
-1.3235365
-1.3158065
-1.3772289
-1.2764559
-1.2159156
-1.2395025
-1.2011039
-1.5005267
-1.4971463
-1.4575055
-1.4471291
-1.4223798
-1.3904743
-1.3494134
-1.2071704
-1.2365896
-1.272553
-1.2973986
-1.2602372
-1.2951557
-1.3084147
-1.284415
-1.2615678
-1.2066932
-1.1724366
-1.181511
-1.224778
-1.2154206
-1.3092957
-1.2411326
-1.185957
-1.1821173
-1.1020358
-1.1440074
-1.2492603
-1.2092095
-1.3609973
-1.2827102
-1.3785562
-1.9272251
-2.1226685
-1.5976907
-1.3827306
-1.3171812
-1.0465572
-1.2260985
-2.3276975
-2.5969475
-2.7994732
-2.9268007
-1.6333978
-2.0324347
-2.765316
-2.5303528
-2.3040669
-2.2391789
-2.0459949
-1.8632089
-1.8662661
-2.0778151
-2.3551081
-2.2587935
-2.3209319
-2.4659017
-2.6894202
-2.5198781
-2.8945117
-2.9784906
-3.5857007
-3.5039396
-2.995798
-2.9693588
-2.8134173
-2.6829862
-2.7224481
-2.7001028
-2.580189
-3.2545602
-2.8651294
-2.3359822
-2.4576412
-2.3959293
-2.3363924
-2.0375144
-2.4704998
-2.4852071
-2.1930298
-2.2738328
-2.4325456
-2.3065421
-2.2168939
-2.145514
-2.0263225
-2.0917924
-2.0871088
-2.1736713
-2.1158167
-2.0751603
-2.0777021
-2.0714945
-2.0320882
-1.9978489
-1.9616494
-1.9233437
-2.0255135
-1.9340892
-1.8643902
-1.926308
-1.9526623
-1.9102359
-1.4631855
-1.4568149
-1.5743379
-1.9892634
-1.7210767
-1.9267965
-1.8059129
-1.8847483
-1.649025
-3.0363378
-2.8976162
-2.6278848
-2.5488129
-2.5459979
-2.4404275
-2.1109566
-1.878101
-1.6168487
-1.5937062
-1.5837518
-1.6728271
-1.5684254
-1.5208196
-1.6410431
-1.6953414
-1.7613544
-1.7726102
-1.4758973
-1.4461602
-1.3406365
-1.2293849
-1.2604584
-1.2000023
-0.90961541
-0.56958172
-0.22412053
-0.89010541
-0.58178947
-0.47391756
-0.51163156
-0.38343602
-0.37958992
-0.27859035
-0.16303535
-0.1225106
-0.23878458
-0.37478491
-0.89104237
-1.0377438
-1.2467255
-1.4471918
-1.6600217
-1.7660663
-1.7280541
-1.6864612
-1.8198524
-1.6359772
-1.7132073
-1.8699143
-1.8167189
-1.9303531
-2.0061753
-2.2143765
-1.9880375
-2.3700673
-2.4726682
-2.5022957
-2.618571
-2.6088134
-1.5025724
-1.5478311
-1.5267426
-0.98131968
-2.7604271
-2.7523609
-2.5814929
-1.7596613
-1.6316493
-1.632806
-1.6462823
-1.6258191
-1.7155984
-1.7700083
-2.2491057
-1.537705
-1.5166053
-2.6057608
-2.6799539
-2.3135556
-2.3970124
-1.7475735
-2.4573666
-2.489727
-2.5406589
-2.6170713
-2.4688923
-2.1997796
-2.483071
-2.3643507
-2.4770552
-2.4359502
-2.2430698
-2.3308817
-0.13515361
-2.053254
-0.16161844
-1.7915725
-1.7561297
-1.5049421
-1.4746472
-1.4803372
-1.3856747
-1.8261681
-1.8168974
-1.8623561
-1.8281438
-1.7361795
-2.215677
-1.935735
-1.8364022
-1.7333977
-1.7753618
-0.2529855
-0.17702686
-1.8161041
-1.5645755
-3.3711828
-3.2840168
-3.4445028
-3.2221034
-1.8362737
-2.3710237
-2.3060545
-2.2631367
-2.1776495
-2.098765
-2.1450163
-1.4574851
-1.3688028
-1.4348147
-1.4619187
-1.5285114
-1.4420754
-1.7336306
-1.6341218
-1.5726449
-2.234107
-2.0267543
-2.9297152
-2.9189512
-2.6683185
-2.7035646
-2.3951297
-2.4809375
-2.8634859
-2.9689675
-1.6715859
-1.68752
-1.6786512
-2.2614599
-2.2349498
-0.40327009
-1.5436903
-1.3409096
-1.6626188
-2.1189253
-1.1476217
-1.8650349
-1.8899692
-1.9240941
-1.3637351
-1.8344635
-1.8613844
-2.3631159
-2.4196281
-1.9778234
-2.542078
-2.5459723
-2.4977745
-2.4655454
-1.3824341
-1.2544368
-1.8053281
-1.765368
-1.2870211
-1.220402
-1.1928178
-1.1223355
-1.4066562
-1.9523667
-2.0272416
-2.1328447
-3.3111215
-2.747952
-2.7905547
-1.1935744
-1.3487479
-1.3697196
-1.5967812
-2.3046343
-2.1826597
-1.5859913
-1.5102773
-1.5184486
-1.5116603
-1.5137314
-1.6158837
-1.6296727
-1.6505531
-1.6557717
-1.5416813
-1.6102908
-1.9918754
-2.1086666
-2.1121905
-2.1804892
-2.1173849
-2.2030954
-1.8177007
-1.8355324
-1.6528417
-1.7433147
-1.2331311
-1.482179
-2.2650525
-2.5770598
-2.5360824
-2.6351457
-2.7977237
-2.8022054
-2.686172
-2.1234511
-2.1046299
-2.4307907
-2.3322647
-1.7946628
-2.5399407
-2.6092418
-2.3077285
-2.1376574
-1.736599
-1.5291802
-1.4704284
-1.4081352
-2.3972009
-2.3085109
-2.2536699
-1.4034019
-1.4090973
-1.9807879
-1.7988888
-1.7112629
-2.394979
-2.3018401
-2.3941526
-2.877958
-2.7841354
-2.5546749
-2.5155055
-2.0515275
-1.9871091
-1.9755005
-1.9513325
-1.9554659
-1.9242074
-1.9392624
-1.7854839
-1.6332312
-1.9076667
-1.7123116
-1.1258612
-0.09488767
-0.34240788
-0.079277827
0.097297235
-0.052533631
-1.052141
-2.0483995
-2.0725614
-1.3046248
-1.0919993
-1.0813828
-0.91174794
-0.96579847
-0.78445084
-2.0394453
-1.5682872
-1.4592441
-1.5123911
-1.5018004
-1.5218781
-1.9642527
-1.7207467
-1.7106598
-1.7110749
-1.6850451
-1.7538997
-1.9399645
-1.8929389
-1.9231542
-2.0148725
-1.9887019
-2.0896553
-2.0810242
-2.0210065
-2.1202382
-2.9553042
-2.9376985
-3.0903966
-3.1087408
-3.1489575
-3.0663012
-2.6498426
-2.8165125
-2.7377598
-1.8597182
-1.5267868
-1.973921
-1.4170701
-1.3454915
-1.3170568
-1.2668048
-1.5431816
-1.4289738
-1.3819724
-1.2811272
-0.81217222
-1.42951
-1.4963576
-1.9166597
-1.8437176
-1.9328109
-1.9252291
-2.8129922
-2.8781603
-3.0804227
-3.4487767
-3.3070435
-2.8134116
-1.9396006
-2.2073311
-2.1579807
-2.0866194
-2.1395762
-2.0736575
-2.0411965
-2.0114342
-2.2385779
-2.1102959
-2.1707471
-2.0972134
-2.4105749
-2.3039767
-2.2541455
-2.3547221
-2.96512
-3.0133001
-2.0276331
-2.0646918
-1.9045956
-1.9378196
-1.9228804
-1.8971585
-1.8264534
-1.7758087
-1.740809
-1.7184651
-1.7048579
-1.7629853
-1.7068955
-1.7430649
-1.8087578
-0.85282494
-0.91346048
-0.60980404
-0.76399948
-0.50512163
-0.46740428
-0.21665366
-0.41429073
-1.4917667
-1.560768
-1.6386529
-1.5191811
-1.5713393
-1.6671831
-1.6014748
-1.6447846
-1.5780277
-1.5736503
-1.8573773
-1.8813753
-2.027494
-1.9413022
-1.9098096
-1.7687201
-1.9605907
-2.0050184
-2.7057813
-2.5827273
-2.4329033
-2.5027797
-2.5946226
-2.3179896
-2.273594
-2.6580317
-1.7096806
-1.6907062
-1.7887427
-2.0149524
-1.7064198
-1.0895158
-1.8544479
-2.1514802
-2.0099094
-2.3090354
-2.1932293
-2.0582136
-1.2690678
-1.1182992
-1.8587145
-1.9324208
-2.0851282
-2.0473076
-2.6229923
-2.5822369
-2.599681
-2.5603924
-2.5866814
-1.6745597
-1.4821215
-1.4075677
-1.4279781
-0.52467622
-0.67501068
-0.85009214
-1.0950965
-1.8339162
-2.8000934
-2.8168781
-2.6703654
-1.1854015
-1.3279018
-1.9125372
-1.9636355
-1.7227627
-1.6337605
-1.6537088
-1.6707679
-1.6794279
-1.7157924
-1.7039051
-1.7299138
-1.6005357
-1.5757966
-1.7774958
-1.7253408
-1.8726386
-1.975997
-2.3184265
-1.5500449
-1.3975361
-2.6156885
-2.7337615
-2.6860343
-2.7740095
-2.6177068
-2.6342995
-2.7709542
-2.6932718
-2.6390111
-2.4148186
-1.8923845
-1.8698913
-1.7330611
-2.1629601
-2.5436445
-2.4893615
-2.5163326
-1.9569416
-2.4561163
-2.2774174
-2.3701392
-2.1014907
-1.7315623
-1.8346227
-1.7791791
-1.8920251
-1.9438886
-2.0711223
-1.9420554
-2.1075958
-2.1946404
-2.3997201
-2.4329172
-2.4234557
-2.5886423
-2.993848
-3.0088745
-2.6008462
-2.788851
-2.5838963
-2.6882424
-2.5581365
-1.7973707
-1.7730139
-1.845048
-1.8941391
-2.112737
-2.1728821
-2.0295225
-2.1366935
-2.1458351
-0.10858011
-0.57247568
-0.19214322
0.042601761
0.25143379
-0.48269342
-0.54882087
-2.086996
-1.9372339
-1.9367587
-1.7764733
-0.51793433
-0.73592239
-0.49065726
-0.33672674
-0.51620764
-1.6767704
-1.7302682
-1.5800066
-1.5333905
-1.4625602
-1.4544534
-1.4377929
-1.6395079
-1.9314134
-1.9530605
-1.9430888
-1.9399911
-1.8398259
-1.9354932
-1.4837695
-1.5145943
-1.5833071
-1.8772347
-1.9640451
-2.359
-2.4391311
-2.4250431
-2.8028398
-2.7636834
-2.3652447
-2.5004604
-1.7862893
-1.6411642
-1.5222153
-1.2790863
-1.2622541
-1.2942649
-1.294343
-1.3159991
-1.3214555
-1.3161951
-1.5131805
-1.4485099
-0.81924823
-0.3711711
-0.41007472
-0.5010665
-0.39182018
-0.25760121
-1.8890089
-2.0601495
-2.0090165
-2.2427232
-2.4420241
-2.5154057
-2.6331117
-3.3472827
-3.5123339
-3.5798514
-3.6683592
-3.7923909
-3.7964385
-3.8112185
-3.7714338
-3.7276508
-3.4664589
-3.426376
-3.361749
-1.8850379
-1.9122384
-2.2003244
-2.228595
-2.1920311
-2.1923037
-2.1572799
-2.1447609
-2.2096348
-2.393146
-2.3125333
-2.3403254
-2.4417541
-2.9459234
-2.7995253
-2.692083
-2.6241394
-2.5618214
-1.9548723
-1.8948306
-1.9261579
-1.8870656
-1.9000081
-1.2750101
-1.2293696
-1.0947608
-0.97096908
-0.84280941
-1.1316152
-1.1004565
-1.1706477
-1.4612994
-1.4938252
-1.5288165
-1.5087077
-1.5272145
-1.5108279
-1.5234973
-1.6127253
-1.5775664
-1.5105364
-1.5306729
-1.4736326
-1.4898355
-1.5546049
-2.2551651
-1.9163268
-1.7272253
-1.8126685
-1.8440515
-1.6639011
-1.6993651
-1.7041608
-1.6577802
-1.5644166
-2.453667
-2.4915597
-2.1556696
-2.21953
-2.1644304
-2.1605591
-2.2321813
-2.3712662
-1.8021611
-2.2383294
-2.3113485
-2.7055372
-2.4802747
-2.906547
-2.7877633
-2.843171
-2.8099519
-2.8135313
-2.8808815
-2.8379218
-2.849903
-2.874974
-2.8014358
-2.7045499
-2.7159037
-2.7084536
-2.6893619
-2.6785701
-2.4541708
-2.5757433
-2.6481244
-2.4486178
-2.4493263
-2.8373198
-2.7928928
-2.8609396
-2.9410974
-2.9988772
-2.9859945
-2.9446545
-2.8520816
-2.725577
-1.6843091
-1.7305228
-1.75183
-1.7735204
-1.8043269
-1.9303337
-2.037906
-2.2934606
-2.2981366
-0.23047609
-0.28388228
-1.3405561
-0.58431693
-0.7937598
-0.99015359
-1.2012567
-0.45612818
-2.1088239
-2.0074521
-1.5867516
-1.7841332
-1.8866354
-1.6161457
-1.1319175
-0.99487938
-0.78780796
-0.49451148
-1.8029919
-1.753709
-1.7285406
-1.7528853
-1.843256
-1.7283616
-1.7221404
-1.6230177
-1.324408
-1.4267666
-1.8666353
-2.1847662
-2.2829066
-2.4040697
-2.1780797
-2.2556808
-2.2544027
-2.1963844
-2.2546883
-1.8759101
-1.9954433
-1.9243054
-2.0058906
-2.2898449
-2.1874363
-2.1687687
-2.2730175
-2.2693937
-2.2932824
-2.2070213
-2.0836712
-1.2825969
-1.2326968
-1.2306094
-1.2388982
-1.2350839
-1.2390554
-1.2395315
-1.2493984
-1.9049755
-1.906006
-1.8454646
-1.696897
-1.7427409
-1.7019856
-1.5550227
-1.5662728
-1.2105166
-1.2562153
-1.2611155
-1.2567955
-1.0013583
-0.93333604
-0.83157187
-0.50986812
-1.0057116
-1.6525374
-2.301868
-2.221551
-2.221551
-2.1502093
-2.8852672
-1.7812307
-1.8354089
-2.0396706
-2.0093757
-1.7381873
-1.7595149
-2.0039249
-1.9478313
-2.0569881
-2.0655118
-2.1153934
-2.2597383
-2.225191
-2.3519862
-3.2910472
-3.2293188
-3.0509111
-3.1791454
-3.163178
-3.0306605
-3.0585777
-2.8847274
-2.7603133
-2.5554417
-2.4340002
-1.1972389
-1.1896976
-1.2039063
-1.5125399
-1.3367263
-1.1639127
-1.4525387
-2.4062243
-2.3838241
-2.2191787
-2.2856349
-2.0665492
-1.7242858
-1.5528033
-1.6239434
-1.5625348
-1.5280162
-1.5193188
-1.5642601
-1.5613027
-1.5556609
-1.6033118
-1.5809658
-1.5995173
-1.6359737
-1.658499
-1.6577601
-1.6706028
-1.6938695
-1.7864138
-1.7394458
-1.7154526
-1.701003
-1.7292899
-1.7831241
-1.7531697
-1.8167798
-1.8101501
-1.7523313
-1.8140769
-1.9022595
-1.726884
-1.8586868
-2.0620722
-1.8475159
-2.0306481
-2.1117688
-1.6090701
-1.6434591
-1.7172995
-1.7696762
-1.7606936
-1.8007198
-1.6735872
-1.6497625
-1.7278626
-1.9227731
-2.1664201
-2.112527
-2.1731733
-2.2880296
-2.327737
-2.3526731
-2.059139
-2.1678043
-2.1737411
-2.3823309
-2.3634017
-2.3899834
-2.4051886
-2.4029132
-2.3712012
-2.2483986
-2.1903083
-2.1873358
-2.2358129
-1.9652768
-2.0599386
-1.9424546
-1.8460069
-1.7422924
-1.6409083
-1.5729644
-2.0017173
-1.5554511
-1.6482796
-1.4085576
-1.286824
-1.3331672
-1.2942595
-1.6398412
-1.8843419
-2.1791951
-2.010278
-2.1638674
-2.471455
-2.4350573
-2.2348243
-2.2998222
-2.30353
-2.3655731
-2.6209045
-2.7884162
-2.7930452
-2.8150767
-2.8053558
-2.8154805
-2.7027891
-2.7440562
-2.7227104
-2.8306617
-2.8387905
-2.818451
-2.7928898
-2.6836653
-2.4460741
-2.637447
-2.6837262
-2.6439775
-2.5140876
-2.5693256
-1.9122833
-1.9777463
-2.2689466
-2.2209861
-2.1157843
-2.0155566
-2.2827157
-2.4550992
-2.6606311
-2.6628613
-1.9701936
-1.710205
-1.8472037
-1.8357684
-2.148013
-2.1946472
-2.1718629
-2.4467837
-2.3161313
-2.304652
-2.4591602
-2.5645591
-2.6264352
-2.6196994
-2.6409352
-2.5448618
-2.4498028
-2.407011
-2.5936953
-2.5696278
-2.2605731
-1.9004696
-1.9071587
-1.7550974
-1.5741643
-1.5526808
-1.5361692
-1.4868458
-1.3981489
-1.3671318
-1.3320318
-1.3187954
-2.3741362
-2.2587968
-1.8423951
-1.6854151
-1.983195
-1.8333848
-1.4095031
-1.7105975
-1.3629958
-1.349549
-1.2920193
-1.28876
-1.3636712
-1.3482079
-1.6210525
-1.4813776
-1.418672
-1.5315156
-1.2337094
-1.4343496
-1.5421561
-1.6615478
-1.7516054
-2.153863
-2.0985408
-2.0537193
-1.9499764
-1.8973531
-2.1479865
-2.0521363
-2.1311029
-2.6493322
-2.5838062
-2.8642851
-2.7701891
-2.6866929
-2.7463464
-3.0053025
-2.9908821
-2.7827345
-2.8879767
-2.7855497
-2.6799111
-2.660031
-2.5634225
-2.5435148
-2.4739776
-2.4836113
-2.3470627
-2.1874378
-2.3630419
-2.3562977
-2.0191314
-1.946045
-2.0484337
-1.6729829
-2.2852404
-2.2297141
-2.1910425
-1.8675147
-2.0354491
-2.0243865
-2.0199605
-2.0495609
-2.0497011
-2.0199191
-1.8663501
-1.8045609
-1.6289816
-1.6772661
-1.7447924
-1.7816344
-1.905892
-1.9196583
-2.028902
-2.0074647
-1.997551
-1.9509853
-1.9849344
-1.9400076
-1.8378812
-1.3655322
-1.3076832
-1.2363085
-1.659463
-1.6799034
-1.4331716
-1.4854817
-1.4343116
-0.91524958
-1.1874482
-1.2362514
-0.9101505
-1.7314635
-0.96089021
-0.85524151
-0.90291529
-1.0468914
-1.2697193
-1.4047079
-1.0399671
-0.037345941
0.2577543
0.2241969
-0.059185685
-0.23156743
-0.090681566
-0.3010091
-0.52844583
-0.47981308
-1.9769688
-2.0329912
-2.0449945
-2.0079149
-2.028491
-2.0368074
-1.8720557
-1.9775765
-1.8609156
-1.7437925
-1.8708797
-1.8855998
-1.3947844
-1.6036502
-1.5237754
-0.90982013
-0.9518562
-1.3117324
-1.2109377
-1.3270651
-1.2441635
-1.2828133
-0.73782858
-0.71334874
-1.0764445
-1.1199701
-1.301585
-1.4168953
-1.4302122
-2.2895576
-2.2618408
-2.3675866
-2.2752766
-2.0939137
-2.0576378
-1.9978699
-1.7593645
-1.8187503
-1.739523
-1.6259783
-1.6052885
-1.4684467
-1.4737439
-1.5127468
-1.5029451
-1.6182509
-1.6806373
-1.6708261
-1.6760681
-1.5999584
-1.6181847
-1.6235231
-2.3125326
-1.8987163
-1.7943319
-1.8145184
-1.7585829
-1.8698525
-1.6558354
-1.6976709
-1.9007011
-1.8794871
-1.8266625
-1.7880234
-1.7805904
-1.7418575
-1.7654901
-1.8631262
-2.0893974
-2.0736765
-2.1537471
-2.2943749
-2.0161395
-2.0616441
-2.0661851
-2.365895
-2.3636739
-1.5069055
-1.6377934
-1.5766039
-1.8072285
-1.6899727
-1.8116581
-2.130422
-2.466497
-2.8798796
-2.9910693
-2.0845423
-1.970652
-2.4244333
-2.194789
-2.289737
-2.1684272
-2.3089299
-2.6924281
-2.8239078
-2.7483537
-2.8175473
-2.6919809
-3.1007858
-3.2015974
-3.2599338
-2.9015302
-3.0719195
-2.9906512
-3.0078948
-3.1572709
-3.2289792
-3.1565389
-2.7816084
-2.5680436
-1.4610323
-1.3588594
-1.2571556
-1.2703332
-2.0394649
-1.8299901
-1.8868966
-1.6735315
-1.5332233
-1.6497969
-1.4328761
-1.4148444
-1.3533353
-1.2956851
-1.2931644
-1.3774388
-1.526925
-1.3264492
-1.3326982
-1.4216715
-1.3518202
-1.3196077
-1.2977035
-1.2271368
-1.5085462
-1.4673309
-1.4755318
-1.4718807
-1.3609546
-1.3880076
-1.4178546
-1.3585978
-1.3099764
-1.236253
-1.241896
-1.2755709
-1.2925409
-1.2974174
-1.29966
-1.2930299
-1.2331861
0
-1.1807598
0
-1.2081502
-1.2481831
0
-1.2036159
-1.2161774
-1.1894924
-1.2009366
-1.2477092
-1.1961419
-1.2580085
-1.4734223
-1.3459434
-1.7038554
-1.2824351
-1.3622253
-1.4421176
-1.3383101
-0.80621936
-0.85174985
-0.96426703
-0.97704871
-1.1630533
-1.4426286
-1.852142
-2.1192878
-1.9016962
-2.3166876
-2.1464069
-2.4237865
-2.4733636
-1.2276804
-1.8257278
-1.8408197
-2.1398345
-2.4981638
-2.4638314
-2.4732939
-2.0064475
-1.9074206
-1.800467
-1.9691717
-1.9994137
-1.9770296
-2.3213847
-2.2289117
-2.3344667
-2.3379773
-2.2029126
-2.331764
-2.2373751
-2.397178
-2.5380273
-2.5058221
-2.5808532
-2.5854856
-1.7858115
-2.164348
-2.4780085
-3.154949
-3.0515763
-2.9903756
-3.1499371
-3.5971314
-3.5334126
-3.6762232
-3.5562618
-3.5262038
-3.4420383
-3.3904776
-3.2212344
-3.0244574
-3.2443705
-2.9948569
-2.8794484
-2.7448499
-2.8289134
-2.7008535
-2.8835975
-2.8611071
-2.881614
-2.7399765
-2.719071
-3.4037803
-3.3294187
-3.3464905
-2.5178417
-2.1858713
-2.3126948
-2.3807387
-2.1349101
-2.0241317
-2.0666149
-1.990567
-2.0604251
-2.1057776
-2.1084327
-2.1791202
-2.1567754
-2.1685629
-2.0868974
-2.0898473
-2.0939821
-2.0365735
-2.0510231
-2.031568
-2.0649868
-1.9744216
-2.0837477
-1.9038044
-1.5169327
-1.6592995
-2.087171
-2.1935512
-2.026305
-1.8661924
-1.9111042
-3.1376865
-3.0946697
-3.0377306
-2.7663918
-2.6870105
-2.2508628
-2.4219054
-2.4402012
-2.2753087
-2.0873907
-1.7671653
-1.6087578
-1.5885996
-1.8268177
-1.6565154
-1.6531067
-1.6125257
-1.5971409
-1.7785195
-4.4059075
-1.7478143
-1.7493693
-1.8017228
-1.4847629
-1.4405371
-1.4607662
-1.4314771
-1.3996377
-1.240666
-1.329771
-1.0276584
-1.1605606
-1.051611
-0.40610366
-0.6237609
-0.49165405
-0.57666525
-0.32911052
-0.15215572
-0.22328792
-0.14595196
-0.6581678
-0.70624902
-0.73279191
-1.1290779
-1.2325571
-1.3588575
-1.4550684
-1.210053
-1.7085934
-1.7026658
-1.7529893
-1.6176225
-1.8760792
-1.8103606
-1.8984053
-1.9646945
-1.985337
-1.8628686
-2.2420026
-2.2435555
-2.1083007
-2.0346192
-2.2405687
-1.9480683
-1.9778685
-1.6585908
-2.4978105
-2.4577091
-1.5702926
-0.70129054
-1.0371929
-1.1871178
-1.8188943
-1.5822861
-1.6103492
-1.6920969
-1.9509065
-2.0458998
-1.489843
-1.4353024
-1.4893274
-2.7479421
-2.5799053
-2.5123988
-2.2777627
-2.297794
-2.4056544
-2.5816066
-2.6066757
-2.077631
-2.1599441
-1.9265465
-2.5137549
-2.4893813
-2.4122357
-2.2938891
-2.2379259
-2.0993559
-2.2984233
-2.3048953
-2.3735405
-2.5850138
-2.8528304
-2.926547
-2.6203419
-2.5435694
-2.2736317
-2.1913473
-2.2496814
-2.2299514
-2.2524705
-2.3086266
-0.25011707
-0.91789472
-2.0859623
-1.9967972
-0.23534658
-1.7610705
-1.8004479
-1.5481648
-1.4765901
-1.4317686
-1.8678453
-1.9255424
-1.9246751
-1.8428352
-1.885284
-2.3124929
-2.4497844
-1.992916
-1.7629387
-1.6098719
-1.2479317
-1.2481011
-1.250046
-1.2667733
-1.9278614
-1.7525009
-1.7854809
-1.6791786
-0.47331669
-0.26185311
-0.23477302
-1.6392718
-1.7753616
-2.0072316
-2.1918517
-3.2349332
-3.4494726
-3.5290285
-3.7497111
-3.666587
-3.5360205
-3.2427964
-1.8600689
-1.9148189
-1.8992211
-1.9616447
-2.2641215
-2.2969702
-2.3504165
-2.4912082
-2.7199243
-2.4502313
-2.3391666
-2.1931855
-2.0395551
-2.0194824
-1.9836347
-1.3009677
-1.5028333
-1.4912956
-1.4950035
-1.5577334
-1.5469992
-1.5754813
-1.5545982
-1.6850673
-1.4525935
-2.1014722
-1.6293231
-1.7338238
-2.3087959
-2.1177888
-1.6378786
-1.8936409
-2.1169788
-2.9194404
-2.9265347
-2.7653024
-2.8100867
-2.7744051
-2.7496513
-2.421542
-2.6774247
-2.6445643
-2.7674571
-2.8885388
-2.9791658
-2.9648864
-1.6921709
-1.7522023
-1.8747125
-2.006711
-2.0705385
-2.099324
-2.1613625
-1.6101833
-1.0879088
-1.9607829
-1.3008709
-1.1083969
-0.46196519
-1.8395214
-1.8614892
-2.1850004
-2.042413
-1.7581108
-1.8156054
-2.4988026
-2.3409873
-2.531092
-2.4791994
-2.323343
-1.2779647
-1.2421261
-1.2296129
-1.2278548
-1.2466539
-1.9391038
-1.8301033
-1.794627
-1.2963158
-1.1624971
-1.033398
-0.3395031
-1.9040973
-1.7441904
-1.8037108
-1.824998
-1.8480481
-1.9021841
-1.9984743
-2.0978271
-2.2368304
-3.3001205
-2.9157793
-2.8444245
-2.7064531
-2.7108857
-1.2280353
-1.3183855
-1.4964413
-2.3749799
-2.2915145
-1.7424716
-1.5303113
-1.5947282
-1.5878244
-1.5787094
-1.6171376
-1.6261708
-1.6145854
-1.8612838
-1.6827995
-1.7117148
-1.5655709
-1.6263066
-1.6789344
-1.5002769
-1.4876181
-1.7528919
-1.7957171
-1.8627321
-1.9616325
-2.0574279
-2.0787887
-2.2364498
-2.2431577
-2.4393628
-2.1148539
-2.0260969
-1.8822186
-1.8586024
-1.7506977
-1.5760994
-1.9602038
-1.8702931
-1.3777519
-1.2897389
-1.237965
-1.4289349
-1.2468364
-1.2420705
-1.3716728
-2.3397983
-2.4869949
-2.5431343
-2.5115627
-2.6508849
-2.7198382
-2.745254
-2.7655886
-2.8065373
-2.8265291
-2.8088974
-2.7049564
-2.7268314
-2.6434766
-2.6005903
-2.6755716
-2.6988502
-2.6209368
-2.0586768
-1.9815465
-2.2199188
-2.4454013
-2.3339328
-2.5317737
-2.5699286
-1.9406629
-2.4119857
-2.3204612
-2.54067
-2.6000338
-2.6070264
-2.6127994
-2.5936563
-2.572709
-2.5613571
-2.4600777
-2.2862424
-2.1268149
-1.6329078
-1.6298491
-1.5383092
-1.357472
-1.3246368
-2.2171229
-1.8348784
-1.7814407
-1.8325616
-1.3118227
-1.7660346
-1.576335
-1.4965668
-1.5170753
-2.1396832
-2.2085017
-2.7633654
-2.869112
-2.9531711
-2.8930877
-2.939916
-2.8785696
-2.8239527
-2.7028494
-2.5880938
-2.4696013
-2.3422136
-2.4392445
-2.0113102
-1.8184448
-2.1946341
-1.9828951
-1.9855564
-1.9440004
-1.8234102
-1.882945
-2.0337213
-2.0183254
-2.0031296
-1.4306259
-1.41334
-1.406423
-1.3439877
-1.6779154
-1.5714058
-0.60747969
-0.75025524
-0.75237679
-0.87233224
-0.52214139
-0.13747871
-0.023773214
-0.50124369
0.082567113
0.21230515
-0.50152022
0.11088096
0.20838974
0.159781
0.087960051
-0.63733629
-2.0287091
-1.7281028
-1.5085092
-1.3349314
-1.1481287
-1.096787
-1.1369483
-1.0894795
-1.1086135
-1.25553
-1.3641498
-2.1851216
-2.179021
-2.0953677
-2.0096634
-1.7575518
-1.6862125
-1.4700451
-1.4832562
-1.5322322
-1.5980199
-1.5142015
-1.5472453
-1.9369109
-1.9074999
-1.8556689
-1.8649561
-1.9354017
-2.1076598
-2.0352857
-1.693955
-2.0549727
-2.2693206
-2.4699868
-2.2924454
-2.7658982
-2.7896178
-2.8809049
-2.9446892
-3.0427712
-3.2275719
-3.1829287
-2.6839368
-2.8647315
-2.8455065
-1.6096828
-1.3132209
-1.4868983
-1.362571
-2.1252637
-1.3471866
-1.3305323
-1.3331385
-1.4307206
-1.3446933
-1.5890766
-1.2808791
-1.225628
-1.2758703
-1.4537792
-1.4635081
-1.4480538
-1.4364727
-1.3373311
-1.3792531
-1.2514834
-1.3040725
-1.300592
-1.2779251
-1.3443035
-1.4465199
-1.4329201
-1.5628769
-1.508976
-1.4975603
-0.60888075
-0.86065732
-1.6339852
-0.93662378
-1.3154219
-1.9874718
-2.2141072
-1.9085612
-1.8418748
-1.8208448
-2.0682294
-2.4520241
-2.6699821
-2.568754
-3.3552908
-3.7217958
-3.7023974
-3.670121
-3.6637741
-3.5995229
-3.3291291
-3.1894996
-2.9731203
-3.0786329
-3.153788
-3.2417808
-2.9243771
-2.7744689
-2.0547001
-2.0715963
-2.1945121
-2.0976348
-2.1454639
-2.133047
-2.1756905
-2.059935
-2.2221795
-2.2870522
-2.142962
-2.0407469
-2.0611131
-2.1080061
-2.9486258
-2.2303616
-2.1036503
-2.0735172
-1.9018384
-1.8384026
-1.7618889
-1.7137946
-1.6539536
-1.6696237
-4.3268596
-1.7114209
-1.753643
-1.8300322
-1.4709781
-1.4091605
-0.81689953
-0.45462122
-0.2160337
-1.4590529
-1.3795588
-1.4533073
-1.6445764
-1.5157772
-1.5220571
-1.6048814
-1.5591004
-1.5794508
-1.5007763
-1.4587584
-1.4544752
-2.1029032
-2.0900828
-1.6138308
-1.9847855
-2.0554085
-2.8186353
-2.721093
-2.6197756
-2.4770441
-2.3911059
-2.5541718
-2.6718883
-2.7785473
-1.68145
-1.7151505
-1.7669404
-0.85042776
-1.4154757
-1.848631
-1.8379997
-2.1932133
-1.9119248
-1.959238
-1.6210181
-1.8996532
-1.8973551
-1.5447238
-1.735148
-1.7119028
-2.4968032
-2.4441229
-2.3617878
-2.5994894
-2.6419257
-1.3093971
-1.8254248
-1.7199882
-1.6331273
-1.5161921
-1.4488392
-1.3818476
-1.3408052
-0.54491358
-0.64709812
-0.76219115
-0.74847691
-0.83625558
-0.93585608
-1.062588
-1.3414207
-1.6167834
-1.6522346
-3.2659626
-3.2842567
-3.2352377
-3.1926023
-3.1299769
-3.0272282
-3.0275012
-2.6959222
-1.1795321
-2.0804733
-1.7834513
-1.7587134
-1.5458141
-1.5722719
-1.5883863
-1.627684
-1.6549323
-1.6627874
-1.6904246
-1.7004642
-1.6919269
-1.7014329
-1.7300966
-1.7463161
-1.8030239
-1.7877982
-1.6706782
-1.4925402
-2.3507161
-1.6645469
-1.8583229
-1.6566349
-1.4475976
-2.3993731
-2.6697751
-2.6792933
-2.6743883
-2.8185483
-2.7826324
-2.5829985
-2.5099579
-2.5019521
-2.5241592
-1.8492318
-1.921712
-2.0361568
-1.9843298
-2.002183
-2.3714426
-2.5063474
-2.5633758
-2.5875528
-1.8254164
-1.8453384
-1.759778
-1.7144027
-1.6286693
-1.6596678
-1.61207
-1.5352158
-2.2135719
-2.0964008
-1.9462104
-2.2790527
-1.9927306
-2.1459838
-2.0248606
-1.8207898
-1.9780188
-2.0541059
-2.1497149
-2.3231055
-2.3527253
-3.0352105
-3.0247002
-3.0477983
-3.0332572
-2.9128382
-2.8406406
-2.8097977
-2.6968166
-2.5768439
-2.4915276
-2.5882582
-2.4482515
-2.1077553
-1.8702631
-1.8466917
-1.8899396
-1.8813366
-1.965506
-1.9963135
-1.9491671
-2.0680927
-1.7386969
-2.1307342
-0.72718017
-0.51613714
-0.3483974
-0.3719394
-0.41658694
-0.25223638
-0.14179753
-0.64007911
-0.72259404
-2.0816132
-2.0283426
-1.9996781
-1.8365352
-0.98542107
-0.75445176
-0.61175134
-1.8752142
-1.8665099
-1.5043292
-1.4912919
-1.4574475
-1.4361764
-1.8149581
-1.8759978
-1.9415665
-1.9480309
-1.9661431
-1.9786179
-1.929369
-1.9635364
-1.6432549
-1.7723798
-2.4088149
-2.4630117
-2.4910767
-2.6435776
-2.5494689
-2.7045566
-2.8712368
-2.8427241
-2.7853323
-2.6718498
-2.5917976
-2.5278156
-1.583512
-1.8361082
-1.5956506
-1.4973086
-1.5918914
-1.9536148
-1.5186831
-1.4267197
-1.3643601
-1.3442031
-1.3319804
-1.3112783
-1.3264893
-1.3154869
-1.3314557
-1.3324637
-1.7199031
-1.6138688
-1.5928066
-1.5761098
-1.6848269
-0.48327442
-0.82628255
-0.61569353
-0.44827361
-0.81980058
-0.72234506
-1.9963258
-2.2874697
-2.7933899
-3.2865329
-3.4332372
-3.6166811
-3.7148583
-3.6665954
-3.8065386
-3.7856076
-3.5243441
-3.6251021
-3.225069
-3.0711152
-1.9614747
-1.9489979
-1.966991
-2.1573476
-2.1798822
-2.1166911
-2.0643783
-2.0457945
-2.1373602
-2.1653395
-2.2612923
-2.3358439
-2.5210923
-2.6036673
-2.6668628
-2.7910909
-2.7044873
-2.2664741
-2.193483
-1.8854292
-1.9465364
-1.8898511
-1.8081629
-1.8184985
-1.3623944
-1.1577564
-1.0477398
-0.97237492
-0.86659137
-1.1652764
-0.90271463
-1.0463027
-0.7252258
-0.7068563
-0.72920009
-1.3687434
-1.4284473
-1.5195951
-1.645043
-1.6006138
-1.5753211
-1.5123239
-1.5323632
-1.5126026
-1.5093493
-1.5068802
-1.4952865
-1.5039389
-1.4945487
-1.5196724
-1.5299329
-1.5349945
-1.5536401
-1.5727594
-1.592022
-1.5515383
-1.5996796
-1.5869378
-1.547408
-1.5592525
-1.452191
-1.4698544
-1.7420967
-1.5152978
-2.1648481
-1.7938311
-1.7506976
-1.7597422
-1.6086535
-1.5714081
-1.6041635
-1.5573202
-2.5142408
-2.5643436
-2.3233996
-2.4058913
-2.4803234
-2.4277051
-2.4074591
-2.3301412
-1.6557054
-1.8425696
-1.94198
-2.0902524
-2.5066181
-2.7559413
-2.6433646
-2.6673636
-2.5709272
-2.9318796
-2.8859435
-2.8924269
-2.8343703
-2.7825116
-2.679335
-2.6411652
-2.6016048
-2.6346842
-2.7348467
-2.6917914
-2.597591
-2.6246519
-2.6452614
-2.6599798
-2.3860574
-2.4610483
-2.7107237
-2.5936832
-2.6640864
-2.7133573
-3.0075061
-3.0298764
-2.9960151
-2.9675975
-2.8860698
-1.6518319
-1.7148568
-1.7494853
-1.841302
-1.8103958
-1.8008195
-2.1555079
-2.2219006
-0.73580034
-0.50632191
-0.88939138
-0.75873211
-1.8693219
-1.3164036
-1.2365428
-1.3220743
-1.8717646
-1.8211161
-1.907279
-1.8842423
-1.5865216
-1.5749681
-1.712682
-1.671237
-1.8530045
-2.3441704
-2.3007659
-2.2551248
-2.1324155
-2.1880325
-2.1675241
-2.0017873
-1.8933125
-2.4683452
-2.3935082
-2.1397047
-1.2467936
-1.245775
-1.2339134
-1.2310616
-1.2366664
-1.2645267
-1.9346495
-1.8874873
-1.8603017
-1.7377176
-1.4451889
-1.4739247
-1.3522818
-0.59167968
-0.2225217
-0.7343208
-0.93077621
-1.6514708
-1.9077354
-2.2641324
-1.2276892
-1.4703552
-1.4703552
-2.9519557
-3.1469653
-3.0423468
-3.1144814
-3.0493532
-2.9348259
-1.8387346
-1.9029
-1.9551579
-1.8336609
-1.8824545
-1.901581
-1.9680067
-2.0918118
-2.1523321
-2.1947898
-2.152581
-2.1935876
-3.1287148
-3.2268745
-3.2335794
-3.2571411
-3.1602018
-2.97937
-2.6580459
-1.1452031
-1.1476486
-1.1359748
-1.2852021
-1.5102995
-1.5545739
-2.3719243
-2.3814059
-2.3728713
-1.8341429
-1.7565648
-1.6423068
-1.6284197
-1.6615544
-1.5738921
-1.5167435
-1.5161116
-1.5125969
-1.5214925
-1.5492378
-1.5648873
-1.5921835
-1.6640398
-1.6665821
-1.6800833
-1.7111988
-1.6990442
-1.6856375
-1.6799042
-1.8303866
-1.8787096
-1.8574391
-1.9941268
-1.9781835
-2.0366535
-1.8285359
-1.6238159
-1.7121141
-1.7861568
-1.8711399
-2.0938094
-2.1971825
-2.2317863
-2.2614234
-2.3036138
-2.3697536
-2.3631574
-2.3860325
-2.3392231
-2.5128819
-2.4259318
-2.250748
-2.0575562
-1.6904684
-1.5060752
-1.9864112
-1.6630971
-1.4595283
-1.8409769
-1.9063328
-2.2846614
-2.3078947
-1.9402462
-2.086818
-2.7083313
-2.7632107
-2.766883
-2.7831783
-2.7093987
-2.5677796
-2.3393887
-2.5164066
-2.5434744
-2.6753573
-2.672972
-2.6042904
-2.5782012
-2.1297673
-2.2451887
-2.3476532
-2.4179081
-2.1003365
-2.5392288
-2.516403
-2.6075403
-2.6740776
-2.6742193
-1.9253377
-2.037451
-2.174069
-2.0146133
-2.2394565
-2.1646005
-2.5880282
-2.6266533
-2.6601687
-2.6174792
-2.476152
-2.4277775
-2.3853264
-2.4713809
-2.4964286
-2.4539387
-2.3548425
-2.1561581
-1.6461741
-1.502784
-1.492965
-1.4193063
-1.3744482
-1.7206932
-1.525885
-1.4763296
-1.3728397
-1.3354429
-1.3142083
-1.2832143
-1.2540896
-2.0875126
-1.816408
-2.1380948
-1.8005914
-1.6544211
-1.5238863
-1.3516741
-1.2665863
-1.2566846
-1.376055
-1.5388586
-0.86136432
-1.2123265
-1.3291583
-1.3964695
-1.5274787
-1.6321443
-1.9346158
-2.0537348
-1.8625856
-1.7758698
-1.760289
-1.9764483
-1.8813795
-1.6940592
-2.0460011
-2.1334252
-2.5197806
-2.6624416
-2.7291148
-2.7152175
-2.6434899
-2.6136547
-2.4938233
-3.0355789
-3.0113547
-2.8913753
-2.9495755
-2.8813269
-2.8320882
-2.6452732
-2.4961419
-2.4516536
-2.3440327
-2.4484888
-2.2528536
-2.16567
-2.218048
-2.0902758
-2.2313811
-2.094729
-2.3710414
-2.2817658
-2.0835119
-2.2165438
-2.1842992
-2.0939855
-2.0272623
-1.7425026
-2.3481258
-1.8798274
-1.4943141
-1.6149841
-1.3614343
-1.1895863
-0.62801277
-1.135266
-1.8184796
-1.912885
-1.9436958
-1.930123
-1.9415167
-1.9782388
-1.939409
-1.9431348
-1.7462433
-1.6573002
-1.7520509
-1.7084811
-1.5737042
-1.6231066
-1.6261322
-2.1685004
-1.7505568
-1.6267424
-1.2179795
-1.381358
-1.3036918
0.15203485
0.15902278
-0.080510547
-0.56401726
-0.35958505
-0.38730857
-0.25365704
-0.36862772
-0.68670136
-0.74538477
-2.0365662
-1.9954815
-1.9849612
-1.9264811
-1.892158
-1.8388886
-1.514231
-1.9151258
-1.8810241
-1.7274561
-1.8308679
-1.6673689
-1.4689071
-1.4440648
-1.3123308
-1.4694876
-1.4942546
-1.3987999
-1.3824835
-0.81062095
-1.0192787
-0.89676008
-1.4421946
-1.485224
-1.5289234
-1.5861995
-2.2285026
-2.1942531
-1.9155368
-1.9029289
-1.7976372
-1.6306025
-1.4489459
-1.5826427
-1.5644738
-1.5632678
-1.6382397
-1.691466
-1.7506034
-1.7949556
-1.7565717
-1.5530217
-1.8857065
-1.9566432
-1.8022394
-1.7523641
-1.7280228
-1.7314639
-1.7084604
-1.8176834
-1.8614407
-2.2080472
-2.1646728
-2.1310097
-2.5343179
-2.5811019
-1.8940296
-1.6030906
-1.5688055
-1.5767809
-1.6786461
-1.6886053
-1.7900965
-2.5534239
-1.9495813
-1.9922197
-2.4060213
-2.5006281
-2.4941673
-2.5874381
-2.4283109
-2.5232652
-2.5685145
-2.6807989
-2.9617231
-2.9176478
-2.9394222
-3.1548003
-3.2561592
-3.2950184
-3.3063736
-3.322202
-3.3004012
-3.2774785
-3.0915522
-3.1891811
-3.2317245
-3.1883505
-3.0150133
-2.8552215
-2.9275292
-2.9680635
-1.3559553
-1.2740104
-1.6635466
-1.4893539
-1.3844728
-1.3712117
-1.3352516
-1.2960396
0
-1.3007854
-1.3109375
-1.3203645
-1.3168117
-1.4102943
-1.3152688
-1.3002402
-1.2462494
-1.5106762
-1.4794657
-1.4252517
-1.3840743
-1.313565
-1.2361935
-1.2293042
-1.2373492
-1.3223137
-1.2635334
-1.2879864
-1.2814277
-1.2903431
-1.3190802
-1.2256482
-1.1768834
-1.1643693
-1.1776704
-1.1688095
-1.32555
-1.3129648
-1.2766342
-1.1772731
-1.4400937
-1.2898348
-2.4896328
-1.7937551
-1.5711966
-1.4073954
-1.5193508
-1.5316333
-2.1295774
-2.8640569
-3.0348287
-3.0606368
-2.9044493
-1.8049574
-1.7856209
-2.3478677
-2.3354833
-1.9638627
-2.0327378
-2.0419322
-2.2586121
-2.3158839
-2.4016033
-2.3638035
-2.4641697
-2.4471218
-1.9153919
-2.1518742
-2.5406244
-2.6470884
-2.7205503
-2.7081128
-2.9519019
-3.3682299
-3.4695892
-3.3828905
-3.5981633
-3.5499884
-3.3839501
-3.2269225
-2.9261845
-2.8499449
-2.8246998
-3.0120573
-2.7958789
-2.5715995
-2.5692815
-2.6128446
-2.6003636
-2.546182
-3.4417933
-3.2874746
-3.0564013
-2.6957322
-2.5676703
-2.4146498
-2.2925365
-2.2565395
-2.6209902
-2.5641363
-2.535518
-2.3692832
-2.5652013
-2.2389029
-2.2942024
-2.3259221
-2.2301527
-2.1570041
-1.9459642
-1.9770955
-2.0173015
-2.0629883
-2.0492599
-2.0739401
-2.0759095
-2.178588
-2.1546786
-2.1444851
-2.1308033
-2.0957092
-2.0906234
-2.0796974
-2.0887446
-2.0842496
-2.0498849
-2.0171208
-1.9805943
-1.9323242
-1.8772566
-1.8710208
-2.0215257
-1.9792405
-1.9714727
-1.8257514
-1.8576657
-1.8831456
-1.433877
-2.100429
-1.6626475
-1.7535748
-1.6679757
-1.7508374
-3.0585485
-2.9204284
-2.9669256
-2.805168
-2.5380035
-2.9154801
-2.6788283
-2.8211106
-2.6158879
-2.6561495
-2.5631509
-2.5269375
-2.1672834
-1.9477209
-1.8143387
-1.6787592
-1.6221847
-1.6963907
-1.7804829
-1.4687954
-1.449313
-1.3548695
-1.1314758
-1.2580997
-1.3178486
-1.0911396
-0.72228906
-0.96755954
-0.75872337
-0.69653734
-0.52347116
-0.48006395
-0.4222617
-0.4854124
-0.26921526
-0.21150752
-0.11548268
-0.47596572
-0.64507352
-0.89160898
-0.70461719
-0.97641205
-1.6494327
-1.7402989
-1.8257145
-1.8720921
-1.7371424
-1.7521933
-1.6986347
-1.6263734
-1.5399188
-1.9396177
-1.6709683
-2.2024721
-2.4397206
-2.3554042
-1.5008361
-1.8544663
-0.18032092
-0.33279345
-0.13340827
-3.1268941
-2.2081287
-2.2053071
-1.8744133
-1.8624826
-1.9795194
-2.4655732
-2.4042786
-1.794176
-2.140994
-2.1309734
-2.1845629
-2.549068
-2.2297719
-2.2830839
-2.5854847
-2.3282302
-1.541596
-2.6407858
-1.9019946
-1.9146364
-1.9048518
-1.8806474
-1.844175
0.073820497
-0.021310851
-1.5971574
-1.9447872
-2.6591169
-2.6183534
-1.4413863
-1.3289771
-1.5824534
-3.5395001
-2.1366022
-2.0517733
-1.7802882
-4.335837
-1.686384
-1.6467337
-1.5967928
-2.0262597
-2.6380781
-2.1224042
-2.2209974
-0.60277879
-0.63202737
-1.0332727
-3.0670582
-1.6542904
-1.6475769
-1.9653268
-1.5644122
-1.5229791
-2.5718421
-2.5054311
-1.9406703
-2.2129118
-2.5146942
-2.5676351
-2.2933552
-2.4483257
-2.0304668
-2.1064787
-0.040963067
-1.8262457
-1.9167793
-2.7116261
-1.707005
-1.5130646
-2.5440542
-3.7440988
-3.8002031
-3.3335244
-2.4576218
-1.2087624
-1.4723559
-1.5117071
-1.5778904
-1.6857949
-2.8790446
-2.8564755
-2.5739678
-2.7980088
-1.1748465
-1.0560715
-1.2264485
-0.94761526
-2.2882841
-2.4784203
-1.5229821
-1.550442
-2.2132845
-1.546736
-1.5676064
-1.5165754
-2.5638157
-2.6678792
-2.257561
-2.6450551
-2.2909405
-2.4262521
-2.5806131
-2.2271232
-2.279697
-1.3486406
-1.9050471
-1.3835282
-1.7333714
-2.1897082
-2.1515537
-2.6199916
-2.7927426
-2.8303337
-2.583398
-1.8641222
-1.9630659
-1.3376318
-0.13126974
-1.7450473
-1.8118788
-1.2764983
-1.2267644
-1.2224468
-1.9331433
-1.5090189
-1.4650834
-1.4785527
-1.5855732
-2.0228372
-1.9951862
-2.8709753
-2.3856073
-2.9675655
-1.3865413
-1.3312853
-1.3087973
-1.2706085
-1.3483562
-1.2541993
-1.2307315
-1.9349081
-2.3501078
-1.9708996
-3.082153
-3.6162955
-3.5166163
-2.8161502
-3.3656652
-2.4519277
-2.1800874
-2.0795881
-2.0738007
-2.0539748
-1.6019882
-2.3537076
-2.1629102
-1.7189211
-1.6284079
-0.32684417
-1.4423248
-4.3249514
-1.7210676
-1.8612156
-2.0243454
-1.8950704
-0.75206126
-1.6562311
-1.6795602
-1.5643304
-2.2687444
-1.4702037
-2.7295904
-2.3758173
-2.4565598
-2.5067414
-2.7053611
-2.288998
-2.3075285
-0.19248011
-0.29005314
-0.19894222
-1.8058446
-1.6909603
-1.9233189
-1.8091499
-1.7074974
-3.3788819
-3.4128813
-2.261214
-2.2673315
-2.0214015
-0.99123049
-1.4043212
-1.3635452
-1.6307163
-1.4451369
-1.6174267
-1.4293915
-1.6684911
-1.5924309
-2.2824775
-2.0889024
-2.098358
-2.9410374
-2.8299125
-2.7153309
-2.7871339
-2.9604797
-2.1452474
-1.8484962
-2.4420313
-1.231545
-1.874771
-1.0455747
-0.42229493
-0.54342154
-0.42229493
-1.8574185
-3.308521
-2.8213873
-2.7842081
-1.2575559
-1.3022498
-1.6474079
-1.5242371
-1.5962362
-1.9267821
-1.6605727
-1.7777585
-2.7223015
-2.8505686
-2.84836
-2.5744029
-2.6861327
-2.5448466
-2.5050607
-2.2683446
-2.1918348
-2.2738158
-3.0094933
-2.9160808
-2.8151239
-2.8813242
-2.7772325
-2.7776105
-2.7491771
-2.5176262
-2.4076238
-2.5177645
-1.8538039
-1.5792646
-1.075115
0.16944255
0.11229324
0.085932039
-2.0155779
-1.5935214
-1.2708077
-1.4557738
-1.5501836
-2.4019453
-2.4609708
-2.9330719
-2.9957398
-1.4247714
-1.2463518
-1.4107828
-0.91652148
-2.6868447
-2.5422969
-2.3358489
-3.0934054
-3.3224754
-3.2269006
-1.9750803
-1.7589486
-1.7127161
-0.26919455
-1.5318624
-1.60558
-2.0681316
-1.9843508
-2.0807813
-2.6899446
-1.8194494
-1.2827876
-2.6306145
-1.3739668
-1.4205864
-0.9782492
-1.2031582
-1.7935498
-3.2145239
-2.9570265
-1.1689782
-1.6202191
-1.632153
-1.7114109
-2.1247944
-1.5148064
-2.6268914
-2.6741127
-2.7498977
-2.4103171
-2.0205886
-2.4903588
-2.3390696
-1.86323
-2.1017462
-2.2126726
-2.3778367
-2.412799
-2.9934037
-2.790224
-2.6875625
-2.7155671
-2.3987863
-1.8719021
-1.9278797
-2.068161
-2.0956443
-2.1789932
-2.1285465
-0.37896331
-1.7889618
-0.52988444
-1.460053
-1.528836
-1.5177603
-1.4795714
-1.4721673
-1.4748107
-1.8745257
-1.9199009
-1.9374214
-1.9537715
-1.6924762
-2.5887903
-2.890015
-2.5701478
-1.7842643
-1.6367352
-1.5528399
-2.1140648
-2.0755732
-2.2016909
-2.4437098
-2.4534576
-2.7001078
-3.8094897
-3.673059
-2.0324164
-2.1876628
-2.1374557
-2.1184272
-2.2921107
-2.6146655
-2.4967995
-1.8815448
-1.8456289
-1.2494166
-0.83752952
-0.83465295
-1.2682552
-1.5525387
-1.6101495
-1.5042145
-1.4299741
-1.4365703
-1.4365703
-2.3166201
-2.3791204
-1.6704127
-2.7367616
-2.7511874
-2.9162675
-2.8250053
-2.4695598
-2.5885914
-3.0261787
-3.006781
-2.9902914
-2.8959954
-1.687245
-1.8599338
-1.8475194
-2.1180905
-2.2216802
-1.0895223
-1.3886808
-1.8440664
-1.6490684
-1.6273503
-1.3517159
-1.5234539
-1.5648677
-1.4974485
-1.7769473
-2.1003164
-2.3232202
-2.4517372
-2.2005909
-2.0506543
-1.954427
-1.2505791
-1.8490181
-1.8375884
-1.7360492
-1.358524
-1.3305411
-1.527814
-0.31722028
-1.4438599
-3.0494759
-2.9497273
-1.8867129
-2.0258308
-2.1204307
-3.2821559
-3.1843293
-3.3244594
-3.2330618
-3.1812736
-2.5969778
-2.4049762
-1.0881172
-1.1449638
-1.1449638
-2.3671173
-2.2505156
-1.5302865
-1.51195
-1.5234168
-1.5536397
-1.7339794
-1.6563467
-1.7457496
-1.7300206
-1.8480758
-1.9315072
-2.18291
-2.2102004
-2.2449421
-2.3811602
-2.0563557
-2.1316639
-2.037648
-1.935367
-2.3954995
-2.5796749
-2.6765678
-2.4803418
-2.3503463
-2.5120471
-2.60369
-2.6405482
-2.409474
-2.5930164
-2.5789365
-1.3462186
-1.2906192
-2.3676091
-1.3681693
-1.4132864
-1.2990108
-1.2653886
-2.044432
-1.9581136
-1.8848741
-2.8016857
-2.7010409
-2.6521338
-2.7024873
-3.0119847
-3.0382323
-2.9140699
-2.8241771
-2.3529498
-2.0012684
-2.0786562
-1.9761239
-1.949513
-2.246522
-2.0154691
-2.1213187
-1.9765755
-1.0114346
-1.0114346
-1.3801176
-1.4498692
-1.43775
-1.2116211
-1.3338425
-0.28572848
-0.4279837
-2.0145938
-1.9274871
-1.8629219
-1.257866
-1.4487922
-1.2852929
-1.2569597
-1.8462011
-1.8609185
-1.9644912
-1.7546827
-1.5649176
-1.548923
-1.5213165
-1.5547665
-1.75009
-1.6227355
-1.6976614
-1.6493028
-1.8369839
-1.7284846
-1.8344577
-1.719431
-2.1198181
-2.5328063
-2.4361437
-2.2546865
-2.4566806
-2.5094216
-1.528527
-2.0296801
-2.5123091
-2.6884584
-2.981024
-3.1985676
-2.8394549
-1.6963942
-1.6677237
-1.4562632
-1.4901569
-1.3411427
-1.286829
-1.3661411
-1.2361201
-1.2214146
-1.501967
-1.2219236
-1.228229
-1.2555723
-1.2898914
-1.319676
-1.2796267
-1.2906773
-1.1978555
-1.1141744
-1.3153178
-2.3068337
-1.6720424
-1.1266184
-1.38771
-2.5267628
-3.1556279
-3.0502206
-1.4461142
-2.2364078
-2.6504376
-2.7187677
-2.1461011
-2.1187385
-2.4718691
-2.4705146
-2.518441
-2.5646534
-2.3448395
-2.1889553
-2.3405222
-2.7157554
-2.7579786
-2.7951177
-2.9031201
-3.4295609
-3.4494794
-3.6842172
-3.2267937
-2.9319953
-3.1365232
-2.6347064
-2.6038022
-2.5104117
-3.4698362
-3.3920802
-3.1867685
-2.2117628
-2.2529748
-2.0362762
-2.6230432
-2.0627337
-2.177346
-2.1701448
-2.1564013
-2.1330657
-2.1224704
-2.1126214
-2.0840566
-2.0736377
-2.076617
-2.01376
-1.9208763
-1.9887114
-1.8920306
-3.0929451
-2.4461312
-2.3544296
-2.2453252
-1.924125
-1.5935307
-1.6097144
-1.5639563
-1.5275873
-1.6428823
-1.8778308
-1.4047369
-1.2971696
-1.2892224
-1.2164244
-1.3132142
0
0
0
-1.1752514
-0.54085432
-0.43844623
-1.7542791
-1.7260032
-1.8994023
-2.0854801
-2.110911
-1.950735
-1.8023364
-2.5824692
-2.3364048
-1.5662639
-3.3191758
-3.3594749
-2.4068727
-2.3178066
-1.4752645
-2.7229558
-2.9463909
-1.3615725
-0.91813794
-1.2070248
-1.936941
-2.3863877
-1.7490078
-1.7204913
-2.6088365
-2.5773655
-1.9531252
-1.940688
-1.5131675
-1.9443118
-1.9114897
-1.9295188
-2.0278904
-3.1035064
-1.8497278
-1.3685914
-1.3350057
-1.3197362
-1.3951893
-1.3336942
-1.9142459
-2.5895595
-2.1043304
-2.1927203
-3.0274792
-1.7835348
-4.3173974
-1.7111888
-1.7956932
-0.59389717
-2.4685122
-1.6813681
-2.2402388
-2.8577786
-1.9809139
-1.7464397
-1.6401681
-1.3756026
-1.3506853
-2.3942507
-1.7651515
-2.5120094
-2.5347351
-2.6279242
-1.9691988
-1.8252281
-2.6423979
-1.8938368
-1.4877257
-2.5517771
-2.0191087
-1.7045587
-1.9184807
-2.7552161
-3.8265004
-2.1554832
-1.1194809
-1.5685542
-1.9596839
-2.3018293
-2.2133916
-2.3792749
-2.2675048
-2.859323
-2.8776285
-2.7271997
-2.731405
-2.4206802
-2.8723073
-2.7490034
-1.6824683
-1.9823431
-1.4730604
-1.5085408
-2.3205093
-2.3016212
-2.2030592
-2.2123076
-1.8913576
-2.1875592
-2.2469398
-1.6251643
-2.6865213
-1.9358557
-2.103752
-2.2737513
-3.1735624
-3.2090028
-1.2061439
-1.2615473
-1.972998
-1.9584073
-1.5075405
-1.5316572
-1.8146452
-1.8710145
-2.0186287
-2.2649927
-2.2889984
-1.5012082
-1.6062817
-2.2106325
-2.1771769
-1.9234273
-1.7062237
-2.3706027
-2.335452
-2.3396748
-1.4114272
-1.989658
-1.9201577
-2.8598269
-2.7515127
-1.936358
-1.9747748
-1.5363426
-1.5158699
-0.36273166
-0.54087252
-1.9941902
-1.5986273
-2.3393306
-2.0946224
-1.9423069
-1.8614379
-1.7899988
-1.8268168
-2.1651164
-2.3881215
-2.6297152
-3.0261551
-1.3216063
-1.5251362
-1.2214412
-1.2951738
-1.1759865
-1.1895556
-1.1965099
-1.1858282
-1.1773358
-1.238972
-0.91577893
-1.2786418
-1.5850955
-2.1516726
-2.7251405
-1.8644518
-2.6421238
-2.3201744
-2.5523306
-2.9957555
-3.5842282
-3.1005248
-3.1220488
-2.4155377
-2.1937149
-2.113497
-2.1046651
-2.02167
-1.7972532
-1.9634428
-2.8504906
-2.0907666
-1.8481731
-1.6761654
-0.95233505
-0.81233834
-0.95828858
-1.3555657
-1.3412511
-1.5199808
-2.2056138
-1.2596848
-1.6140547
-2.5783647
-2.5949296
-2.2761911
-2.3264478
-2.5124583
-1.9272654
-1.8637969
-2.4876744
-1.8342155
-2.3603071
-2.4154081
-2.260983
-2.2162447
-2.0852244
-2.0605739
-1.8387998
-1.8563285
-1.8006428
-1.235882
-1.952999
-1.9245032
-2.9470622
-2.7614038
-1.2233561
-2.3478528
-1.7080647
-1.5781058
-1.6381929
-2.0002175
-2.2326611
-2.1179279
-2.7071244
-2.8289817
-2.8489424
-2.581636
-2.3810061
-2.4968189
-2.5670424
-2.5262959
-1.8426489
-1.548239
-2.8741283
-2.8154398
-2.8810085
-2.910158
-2.6834668
-2.520288
-2.4245432
-2.0204231
-1.9758492
-1.8694272
-1.7316419
-1.5713086
-1.4854492
-1.2478479
-0.52298549
-0.90341459
-1.7934226
-1.9138638
-1.9410707
-1.7176535
-1.9151745
-2.0770078
-1.7946644
-2.0657958
-1.3522382
-1.4418868
-1.3701694
-1.3062995
-1.267208
-0.72277685
-0.98069562
-1.4698389
-2.1076504
-2.0641818
-1.7891487
-2.5952022
-3.7679198
-3.6018572
-3.0905173
-2.3632166
-2.2469736
-1.7720169
-1.7417641
-1.6426978
-1.6089731
-1.6330732
-2.8473082
-1.6886709
-1.7072038
-2.0724293
-2.2349993
-1.9515777
-1.9565673
-2.5522875
-1.6853091
-3.15745
-2.9945391
-2.1272021
-1.9326911
-1.879428
-1.5166556
-1.6822641
-1.8183316
-2.1013687
-2.8130595
-2.6879825
-1.8021483
-2.080637
-2.3082741
-2.6040088
-1.5830673
-1.5003901
-1.9565013
-2.1602461
-2.3435794
-1.8524707
-1.5674288
-1.8764728
-3.0523577
-3.0542688
-3.0359717
-3.0209298
-2.9953471
-1.9159836
-1.8888615
-1.7852326
-0.30367595
-0.09366961
-0.43761547
-2.064527
-1.0392492
-1.4577031
-1.4649794
-1.9620928
-1.9541371
-1.9749214
-2.4217059
-2.442546
-2.9367297
-1.5299077
-1.321987
-1.2738645
-1.642843
-1.625918
-0.64805488
-0.98070039
-3.1099819
-3.3192714
-3.5848096
-3.7584681
-3.4461644
-2.1371132
-2.0791366
-2.5337729
-1.9524695
-1.8004631
-0.77892268
-1.0571653
-1.5083723
-1.4971014
-1.5210324
-1.539185
-1.5696009
-2.1880585
-2.0164852
-2.0304671
-1.9259769
-1.6580456
-1.64105
-2.2044367
-2.4261076
-2.5249741
-2.9277748
-2.9189106
-2.8409509
-2.6198093
-3.0325369
-1.7349119
-1.8006527
-1.661904
-2.3301135
-2.1974304
-2.2300344
-2.0084531
-1.2415995
-1.609391
-1.0690598
-3.2703962
-1.8603195
-2.2942886
-1.1479067
-1.3540284
-2.3429256
-1.6778216
-1.7056586
-1.9085878
-2.5114094
-2.0757034
-1.6670158
-1.9079887
-2.1987147
-2.7149951
-2.4231171
-2.6515828
-2.6787134
-2.6942137
-2.6973541
-2.2562677
-2.2383463
-2.6708764
-2.5818416
-2.1561015
-2.6047413
-2.2914445
-2.2697053
-1.5060621
-1.2659111
-1.5624369
-1.7533578
-1.4744243
-1.3144294
-1.0887301
-1.9060885
-1.7953846
-1.6899122
-2.4746423
-2.5455442
-2.6738271
-2.684054
-2.9316026
-2.4356039
-2.3631468
-2.6291604
-1.9831591
-2.2061466
-2.3406073
-2.2271844
-2.1452733
-2.0697811
-2.0085638
-2.0644878
-2.1967374
-1.9474151
-1.6890067
-0.94138596
-0.4653588
-0.592279
-0.10356373
-0.14144586
-1.5285349
-1.9732039
-1.6441624
-1.5577578
-2.2473378
-1.4934437
-1.4517799
-1.6139917
-1.7572761
-1.7242209
-2.6602643
-1.7546447
-2.5181436
-2.0832436
-2.926229
-3.1003804
-3.3057842
-2.9059922
-1.9271283
-1.4103903
-1.3082809
-1.4887265
-1.2260948
-1.3335308
-1.1581529
-1.1961755
-1.8442713
-3.225584
-3.0418478
-1.7636507
-2.2737974
-2.2273548
-3.3456391
-3.2617064
-2.8676307
-2.9757437
-2.7214923
-2.68448
-2.4974507
-2.7391326
-3.1370714
-2.6149188
-2.6532676
-2.376495
-2.6541855
-2.0598961
-2.2031695
-2.0613984
-2.1645169
-2.168306
-2.086677
-1.995468
-1.6616494
-1.6327474
-2.9680133
-2.0095297
-1.9580422
-1.6714501
-1.6803949
-1.4369972
-1.3272687
0
-1.0428122
-0.53362175
-0.37082183
-1.0152372
-1.3033544
-0.76354947
-4.8966198
-4.9352697
-4.6861897
-4.8273502
-4.8818598
-4.9489666
-5.0196983
-4.9733361
-4.996334
-4.7179089
-4.6577107
-4.8033906
-4.8612712
-4.8715335
-4.8355179
-4.7572393
-4.9473944
-4.9448822
-4.6185577
-4.5911441
-4.6914534
-4.7783073
-4.9939218
-5.0425124
-5.0640538
-5.0423088
-5.0072831
-5.0255102
-5.0797471
-4.5238836
-4.4486599
-4.5509201
-4.6368368
-4.7207441
-4.6616954
-4.7175806
-4.8020492
-4.9438244
-5.0926261
-4.3884991
-4.6034071
-4.7506393
-4.8161844
-4.8138515
-5.0168812
-5.0282949
-5.0774827
-4.5982258
-4.4923263
-4.7220671
-4.7773784
-4.8224738
-4.8860929
-4.9864202
-5.0433162
-5.024142
-5.0749117
-5.1080654
-5.1104151
-5.1082683
-4.5582678
-4.576265
-4.6578568
-4.7687062
-4.630508
0
0
-4.8282568
0
-4.8446947
-4.9230713
-5.0367804
-5.089201
-5.1001467
-5.1203629
-5.1263486
-4.2994833
-4.2281508
-4.7221843
-4.7259779
-4.8093298
-4.8920264
-4.9648489
-4.9811874
-5.1059104
-5.1290981
-5.1171409
-4.3538119
-4.4237092
-4.6507019
-4.6254965
-4.3944408
-4.6185927
0
0
0
0
-5.0207668
-5.0496202
-5.0778324
-5.1006189
-4.2191584
-4.230093
-4.1801928
-4.3397978
-4.8733973
-4.9477549
-4.8961436
-5.0547923
-5.0787209
-5.0827301
-5.1578433
-5.1408521
-5.1452575
-4.1142275
-4.2599588
0
-4.4560174
-4.7567972
-4.774276
-4.8115217
-4.1990164
0
0
0
0
0
-4.1788544
-4.9730318
0
0
-4.1647826
-5.0082976
0
0
0
-5.1094836
-5.1412149
-4.149339
-4.5587975
-4.2988946
0
-4.2374136
-4.2777239
0
0
0
0
0
-4.8958441
-5.0081742
-5.0621863
-5.1357548
-5.1342585
-5.1725805
-5.1619475
-4.1277042
-4.1660239
-4.2691772
-4.5082779
-4.6115995
-4.6180814
-4.7231556
-4.8342553
-5.0578066
-4.2005975
-5.0971522
-5.131152
-5.151489
-5.1785056
-5.1704073
-4.0440619
-4.0630559
-4.0907449
-4.1316657
-4.1712756
-4.2257347
-4.4323173
-4.7747848
-4.1960877
0
-4.9379664
-4.9607002
-5.113581
-5.0853613
-3.9732854
0
-4.3409873
-4.9991564
-5.0093042
-5.0909656
-5.0896127
-5.1080904
-5.1602361
-5.141699
-4.135278
-4.4496215
-4.8844776
-4.936771
-4.170878
0
0
-4.1706979
0
0
0
-4.1674284
-5.158848
-5.1630659
-5.2097492
-5.1860951
-5.1980838
-5.1939741
-5.1928603
-3.9530099
-3.9247613
-3.88848
0
0
-3.9625575
-4.2660362
-4.5666838
-4.6703637
-4.7725338
-4.8835733
-4.1998604
-4.176602
-4.1912831
0
-5.1940037
-5.2002974
-3.9050686
0
-3.9041856
-3.8712758
-3.9123895
-4.0276113
-4.257619
-4.1621855
-5.2188329
-5.2308072
-5.2340901
-5.2136677
-3.9626527
-4.0103238
-4.0689494
-4.1258312
-4.1860034
-4.3335213
-4.4317627
-4.8451439
-4.934426
0
0
0
-4.1707046
-4.1679617
-4.9817166
-4.9819897
-5.0746801
-4.9834991
-5.0247042
-5.1330736
-5.1775927
-5.1814366
-3.875538
-4.3362834
-4.5380536
0
0
0
-4.2122821
0
-4.265779
-5.1818983
-5.0965704
-4.2151146
0
0
-5.1889602
-5.1292297
-5.2323223
-5.2271485
-5.2531722
-5.2636939
-3.8950961
-3.8389105
0
0
-4.6325113
-4.7129314
-4.8814422
-5.2339275
-5.1475621
-5.2286206
-5.1663399
-5.2575666
-5.1924152
-5.2095774
-5.2607062
-3.9456088
-3.8672927
-3.8637892
0
0
-4.7853235
-5.2065482
-5.231482
-5.2413175
-3.8824261
0
-3.8788369
0
-3.8587749
-3.9642998
-3.9699362
-3.9963155
-3.8419535
-3.834989
-4.0582766
-4.1012227
-4.2984402
-4.4006161
-4.946648
-5.0664554
-5.0307784
-5.0809155
-5.1313683
-5.2841857
-3.9184448
0
-3.9156359
0
-4.172961
-4.2392032
-4.9126658
-4.9737064
-5.0243239
-5.126022
-5.1587326
-5.2126729
-5.2744864
-4.3364323
-5.2696142
-5.2966366
-3.920812
-3.8266014
0
0
-4.5423786
-4.7353451
-4.6517292
-4.831117
-5.1514076
-4.3288352
-5.2839289
-5.1837753
-5.2961119
-5.2881753
-5.3187421
-5.2712926
-5.285684
-3.8282579
0
-3.8265654
-4.247948
-5.1532519
-5.1434674
-5.1557474
-5.1728987
-5.1889429
-5.2127535
-5.2550001
-4.006362
-4.3006225
-4.4183727
0
-4.5245485
-5.1652767
-5.1492116
-5.206676
-5.1466553
-4.3497892
-5.2055268
-5.3066344
-5.304226
-5.2825148
-3.9690249
-3.9609448
-3.9454812
-3.9750762
-3.9758718
-4.0463981
-4.1043608
-4.1560095
-4.2114392
-4.880741
-4.9910875
-5.0660662
-5.2848739
-5.2955398
-5.3202206
-5.185999
-5.3130251
-3.934363
-3.9989749
-3.9562879
-3.9627783
-4.6523397
-4.7900992
-4.8340291
-5.12519
-4.4398449
0
-5.3366901
-5.3421403
-5.1267885
-4.418742
-5.1349723
-4.372604
-5.1480933
-5.1634953
-5.1788466
-5.3244913
-5.1927574
-5.2403267
-5.3004028
-5.3074618
-5.3226637
-5.2198899
-5.1901122
-5.2080039
-5.3109276
-5.3310706
-3.995965
-4.0106356
-4.0141399
-4.0389199
-4.0798625
-4.126735
-4.1667212
-4.357484
-4.53745
0
-4.6237036
-4.836205
-4.7189613
-5.0913212
-5.2175129
-5.1663196
-5.2756409
-5.2544346
-5.3509006
-5.3438222
-5.2750867
-5.2894641
-5.3184655
-4.009983
-4.0119341
-4.2327674
-4.6990515
-4.8365182
-5.0063112
-5.0744591
-5.3533817
-5.3770391
-5.1737825
-4.0208762
-4.0218089
0
-4.4380566
0
-4.47945
-5.1650404
-5.3434837
-5.2287894
-4.4781495
-4.4921127
-5.1211493
-4.5254073
-5.4060463
-4.1760697
-4.392724
0
-4.5826344
0
-5.0275356
-4.5657984
-4.5373743
0
-4.5043617
0
-5.3260452
-5.4454757
-5.1572744
-5.1648216
-5.1702034
-5.1800036
-5.1724211
-5.3984229
-5.3683354
-5.3715602
-5.2543986
-5.2163858
-5.2381912
-4.0438548
-4.0624138
-4.0518543
-4.0841345
-4.1224373
-4.153882
-4.250147
-4.3327527
-4.7844271
0
-4.9696511
-5.0661751
-5.1117022
-5.1513138
-5.2129906
-5.2591258
-5.1194024
-5.1255784
-5.13768
-5.4246704
-5.1886723
-5.3529113
-5.2751995
-5.3163239
-4.0296583
-4.0328263
-4.0504349
0
-4.4605824
-4.9356805
0
0
-4.596655
0
-5.0310799
-5.0283993
0
-5.0310799
-5.4715801
-5.451394
0
0
0
0
-4.0414617
0
0
0
0
0
-4.0557865
0
0
0
-4.091139
0
-4.0495544
-4.5977316
-4.5971708
0
-5.0449003
0
0
-5.0283993
0
0
-5.0474145
-5.4560322
0
-4.1131644
0
-4.0642129
-4.4194374
-4.4448973
0
-4.9854491
0
-4.5910777
-4.5845888
-5.1617852
-5.4499543
-4.2144311
-4.3101596
-4.374162
-5.0260162
-5.1411769
-5.1914336
-4.542714
-5.0949262
-5.2654447
-5.4927674
-5.1299134
-5.4916527
-5.1848227
-5.193762
-5.3700935
-5.3945552
-5.4080704
-4.077901
-4.1094483
-4.1085956
-4.1319001
-4.165736
-4.1591566
-5.0762405
-5.1154073
-5.1256745
0
-5.2321881
-5.5152172
-5.2906429
-5.3551407
-5.2113495
-5.2557729
-4.1300251
0
0
0
0
0
-4.1254833
0
-5.1494411
-4.5711749
-4.5703137
-5.0593173
-5.1557583
-5.1810217
-5.490259
-5.4981776
-5.2752918
-5.2730848
-5.2730848
-4.158601
0
0
0
0
-4.1468577
0
0
-4.117545
-4.10776
-4.354079
-4.2343035
0
-4.4241395
-4.4269695
-5.0987793
-5.2429958
0
0
0
0
0
0
-5.2232039
0
-5.1580281
-5.191048
-5.5043679
-5.4503888
-4.2874975
-4.3501108
-4.3879296
-4.4110949
0
-5.150043
-5.2166247
-5.253896
0
-5.2592289
-5.5354634
-5.2057821
-5.3874416
-5.40517
-4.1506148
-4.1549722
-4.2141569
-4.2457099
-5.552797
-5.5306796
-5.5403917
-5.2225844
-5.4115121
-5.2453999
-5.3468257
-5.2600059
-5.2795648
-4.1694015
-4.18078
-5.2048014
-5.2331976
-5.2431073
-5.6097066
-5.5943552
-5.5500478
-5.565483
-4.188021
0
0
-4.1778569
-4.2203673
-4.2264095
0
0
-4.1908261
-4.2159208
0
-5.6079138
-5.2633567
-5.249355
-5.5066361
-5.5573706
-5.5313898
-5.4934851
-4.1787702
-4.2066871
-4.2290124
-4.2316579
0
-4.3195591
-4.3606299
-4.4031395
-4.3964007
-4.4179061
-4.4119886
-4.4266196
-5.5943261
-5.4412833
-4.2055171
-4.2057539
-4.282515
-4.2676555
0
0
0
-4.4365526
0
0
-5.6004258
-5.3031428
-5.2790853
0
0
-5.2680612
0
0
-5.3450926
-5.3908477
-4.2389772
-4.245047
-4.2322761
0
-5.5929458
0
0
-5.5907985
0
-5.3977513
-4.2537659
-4.351924
0
-4.4428515
-5.2764339
-5.5845525
-5.2782405
-5.4952397
-5.5582837
-4.2323331
-4.2532835
-4.3991136
-4.2878981
0
-4.4138477
-5.27196
0
-5.584178
-5.580633
-5.5854658
-5.5611224
0
-4.2771208
-4.3701704
-4.4277865
-4.4452075
-4.432944
-5.2680612
-4.3203851
-4.4174012
-5.2746273
-4.3168094
-4.4373825
-4.3422537
-4.4091429
-4.3115595
-4.4162577
-4.3933184
-4.4019784
-4.4068955
-4.3773495
-4.2942029
0
0
0
0
0
0
0
0
0
0
0
0
0
0
0
0
0
0
0
0
0
0
0
0
0
0
0
0
0
0
0
0
0
0
0
0
0
0
0
0
0
0
0
0
0
0
0
0
0
0
0
0
0
0
0
0
0
0
0
0
0
0
0
0
0
0
0
0
0
0
0
0
0
0
0
0
0
0
0
0
0
0
0
0
0
0
0
0
0
0
0
0
0
0
0
0
0
0
0
0
0
0
0
0
0
0
0
0
0
0
0
0
0
0
0
0
0
0
0
0
0
0
0
0
0
0
0
0
0
0
0
0
0
0
0
0
0
0
0
0
0
0
0
0
0
0
0
0
0
0
0
0
0
0
0
0
0
0
0
0
0
0
0
0
0
0
0
0
0
0
0
0
0
0
0
0
0
0
0
0
0
0
0
0
0
0
0
0
0
0
0
0
0
0
0
0
0
0
0
0
0
0
0
0
0
0
0
0
0
0
0
0
0
0
0
0
0
