-1.6534023
-1.701449
-2.5529283
-1.849623
-2.613198
-2.1335322
-1.9671059
-2.8376982
-1.4368416
-1.6754538
-1.8004651
-1.3133032
-1.6832158
-2.0261638
-1.8263621
-1.7691988
-1.9304578
-1.7837212
-1.7122959
-1.9374224
-2.2859383
-1.8494136
-2.3604954
-2.1143965
-2.2936657
-2.3037983
-1.3974128
-2.7184942
-2.2115564
-1.0775083
-0.31942788
-1.371174
-1.5724859
-2.0724888
-2.005149
-1.9440742
-1.8361787
-2.5671887
-2.049649
-3.1698673
-1.3281145
-1.2017717
-3.088982
0.043922726
-0.14946349
-2.6543119
-2.3547172
-1.624434
-1.5114636
-1.665284
-1.6243135
-1.7508922
-1.6367591
-1.5529484
-1.5233916
-1.8984125
-1.8694854
-1.8112182
-1.8199683
-2.3607279
-2.4502221
-1.8542662
-1.7650386
-3.0150214
-2.0587601
-2.6947349
-2.7179931
-3.155494
-2.0625456
-2.0117875
-2.1795897
-1.0342442
-0.4236211
0.22308531
-1.4301436
-2.0032875
-1.089673
-2.0312054
-1.7026509
-1.8599497
-1.8192997
-2.1325627
-2.5009393
-2.6265237
-2.4447969
-2.3604137
-2.4886852
-2.5584713
-1.7132101
-1.6601121
-1.4173412
-1.7030219
-2.0589506
-1.3610546
-1.2072306
-0.68159098
-2.376766
-1.5087533
-1.7696375
-1.6375876
-2.1962645
-2.0725348
-3.3578422
-3.3826552
-3.0827454
-2.7323419
-1.1622629
-0.83393693
-1.5422404
-1.3654813
-2.1869945
-2.1369609
-1.8064968
-1.9251925
-2.1506374
-1.7343084
-1.7535779
-1.7335414
-1.8983221
-1.8101918
-1.8454954
-1.8111232
-1.9824464
-2.3792741
-2.1740622
-1.8837514
-1.7213406
-2.3818501
-2.1159881
-2.4812182
-2.4971059
-2.3444599
-2.4945807
-1.8459959
-1.8776207
-1.587174
-1.7664947
-1.551659
-2.0725604
-1.9660459
-2.5431799
-2.8641086
-2.8544745
-1.9671222
-1.775346
-1.3413244
-0.87972587
-1.5382592
-0.063603261
-0.10895285
-0.94413843
-1.5677941
-1.8257754
-0.98259206
-0.99210119
-1.3241476
-2.1639376
-1.9237613
-1.86755
-1.5368876
-2.2286455
-2.3800668
-2.3955723
-2.7497989
-1.7532527
-2.2190514
-2.2467783
-2.7828454
-3.2047503
-1.5038681
-2.201638
-1.4662114
-1.3219195
-1.5020624
-1.4497448
-1.6278498
-1.0630707
-2.9114692
-1.1936318
-1.1164525
-2.9037214
-3.5247406
-2.421868
-2.1316893
-2.165675
-2.1924883
-1.8860748
-4.5945712
-2.4190146
-1.996431
-1.4875169
-0.7499192
-0.58232629
-0.39248757
-0.27882454
-1.5665856
-1.5821955
-1.6200837
-1.7314361
-1.4695945
-1.7771246
-2.0222164
-2.1028841
-1.745364
-2.956583
-2.8745896
-2.7429859
-2.7738285
-3.0042877
-2.2921131
-2.3531936
-1.8253932
-1.2947353
-1.6057831
-1.5615606
-1.8416011
-1.9084718
-1.5018352
-0.91592822
-1.9008209
-1.9906031
-1.9691373
-1.9434455
-2.0110171
-2.5354392
-2.514208
-2.4046127
-2.4741398
-1.6687778
-1.4952021
-1.6222304
-1.819573
-1.7069495
-1.612947
-1.2268866
-0.83860281
-1.3682665
-1.8239781
-1.2916289
-1.0832996
-1.5535942
-1.8239424
-1.5424631
-1.9453275
-1.993564
-2.9532092
-3.0527705
-2.814413
-1.2879644
-1.3073855
-1.5519338
-2.0997289
-1.9600565
-1.9671475
-1.687907
-1.7605533
-1.9155823
-1.9809785
-2.0396426
-1.7807167
-1.8716606
-1.7345489
-1.6521075
-1.7701959
-1.8201825
-1.8830293
-1.9790336
-2.3869101
-2.1435611
-2.1600474
-1.783694
-1.7405206
-2.3960173
-2.4166988
-2.477333
-2.4092959
-2.3786366
-2.5589138
-2.5034614
-2.4869238
-2.4780183
-2.2910226
-2.0579607
-2.08576
-1.9500222
-1.8282941
-2.1174879
-2.2635659
-2.3687428
-2.2871202
-1.7836617
-1.967604
-2.2965521
-1.6994244
-1.4916819
-1.8870325
-1.7450334
-2.0062425
-2.2703322
-2.298931
-2.734167
-2.967056
-2.9186178
-2.5323777
-2.4965828
-1.8984917
-1.9643586
-1.8753543
-2.3053826
-2.0434853
-2.3122579
-2.2286521
-2.0314898
-0.35573269
-1.2041262
-0.54384337
0.12719466
-0.84321435
-0.29776993
-0.059282076
-0.22483434
-0.85966106
-1.9190834
-1.7457089
-1.6769816
-0.74425051
-0.36152751
-0.61393364
-0.53845374
-0.64147775
-0.50612238
-2.0254613
-1.9042989
-1.7764723
-1.8419441
-1.6720084
-1.6633715
-1.6351033
-1.4812796
-1.6569336
-1.4448887
-1.3839818
-1.9620833
-2.1620634
-2.0942641
-2.1404866
-2.2727325
-2.2272319
-2.1099278
-2.2356265
-2.0378769
-1.726557
-1.645977
-1.726557
-1.9735066
-2.3129337
-2.6866988
-2.9907954
-2.9521737
-2.9229606
-2.6835507
-1.9404875
-1.5997352
-1.633366
-1.7481536
-1.9230583
-1.9768131
-1.7192985
-1.4634644
-1.4473946
-1.3929667
-1.3762374
-1.3618425
-1.3015886
-1.2953961
-1.3091347
-1.2956759
-2.0991014
-1.5860251
-1.7783391
-1.8668786
-1.0214604
-0.15771204
-1.262187
-1.2515968
-0.083193388
-1.6875375
0.07537882
-2.1447877
-2.1659868
-3.2137497
-3.6279239
-3.706462
-3.2639877
-3.3539652
-1.8254834
-2.120449
-2.0127184
-2.4766213
-2.2847149
-2.5331014
-2.3803435
-2.7327506
-2.6272976
-3.0166488
-2.5296792
-2.3112702
-2.1251564
-2.0700891
-1.8645216
-1.9308092
-2.1473285
-1.331373
-1.115081
-1.0443259
-1.0388752
-1.22886
-0.44481079
-0.39709748
-1.1592648
-4.3109448
-1.2703165
-1.6310614
-1.4029904
-1.6239836
-1.7017979
-1.6373683
-1.6606348
-1.5865517
-1.7085539
-1.700552
-1.6774068
-1.525424
-1.5595252
-1.480065
-2.2170745
-1.9552343
-1.8201594
-1.8061289
-1.941066
-2.4247199
-2.1739354
-2.2032197
-1.8020608
-2.8869716
-2.2731752
-2.9994089
-2.6826556
-2.5599719
-2.8537302
-3.05462
-2.9587588
-3.0961956
-1.9462506
-1.9361676
-2.0255651
-1.9631565
-2.1244718
-2.3360404
-0.64471345
0.23155549
-0.036429847
-1.7987562
-1.2878698
-1.4874792
-1.0020605
-0.93901054
-2.0865547
-1.9001863
-1.8908155
-1.8171045
-1.6349857
-1.6983721
-1.9948587
-2.1146182
-2.3835844
-2.5396921
-2.4617268
-2.5031457
-2.5049151
-2.3978814
-1.9817822
-2.381648
-1.6387508
-1.6017414
-2.2074012
-1.8290278
-2.3169817
-1.3801741
-1.3851023
-1.3933562
-1.7917506
-1.9555437
-1.7917506
-1.8373489
-1.7917506
-1.2522611
-0.96272894
-0.82500573
-0.8223615
-1.8718822
-1.3197344
-1.757002
-2.0183762
-1.839173
-2.0509888
-1.9850405
-2.3242388
-2.6884091
-3.3222494
-3.2123772
-3.0645973
-2.8928125
-2.5064783
-1.8707619
-2.2879555
-2.2726602
-2.1373642
-2.3126764
-2.1334051
-1.9636616
-1.7807725
-1.725592
-1.7632033
-1.8609637
-1.9975224
-2.1272513
-2.3512628
-1.8588532
-1.9254952
-1.8374426
-1.9991764
-1.7586691
-1.6668433
-1.8747013
-1.6999355
-2.0219551
-1.9861826
-2.0507953
-2.1019683
-2.1644161
-2.1356025
-2.5041579
-2.317679
-1.8616952
-1.9503368
-1.8280546
-1.8791474
-1.7134519
-1.6972197
-1.7371176
-2.0856392
-2.1836142
-2.3043214
-2.2647465
-2.5269309
-2.5756512
-2.3363803
-2.4534064
-2.3961005
-2.4518791
-2.4421594
-2.5276555
-2.4144849
-2.5320685
-1.8276129
-2.0457454
-2.4491235
-2.5128105
-2.4597157
-2.1601999
-1.8610939
-1.8918238
-1.668438
-1.7064872
-1.6291385
-1.4753836
-1.9678643
-1.6042598
-1.4739391
-1.5489175
-1.6837192
-1.7897034
-1.5144392
-1.2370618
-2.0367295
-1.7818068
-2.3179205
-2.4327827
-3.0363947
-2.8747497
-2.597688
-2.5122489
-2.2358951
-2.0824402
-2.0588674
-1.8483512
-1.5552301
-1.9954517
-1.9422948
-1.511931
-2.0483907
-1.3712689
-1.2561897
-1.8076875
-1.2840571
-0.79100804
-1.9016515
-0.50117456
0.25733188
0.1356527
-0.43401369
-0.4586597
-0.30779311
-0.83200784
-1.8260409
-1.3403429
-1.038216
-1.27502
-1.0996983
-1.3051265
-1.1024827
-2.475108
-2.5104543
-2.3571671
-2.1914497
-1.654912
-1.5925125
-1.6215614
-1.6302726
-2.3118153
-2.2576707
-2.1943109
-2.3357995
-2.2877132
-2.4636122
-2.5289243
-2.8048537
-1.6002058
-1.8105844
-2.4566531
-2.1952228
-2.9126657
-2.5735626
-2.8737817
-3.1822982
-3.2961729
-3.3341061
-3.0758559
-1.7799066
-1.5506178
-1.8792809
-1.3865761
-1.4504284
-1.3697559
-1.3889911
-1.4410523
-1.333683
-2.0103145
-1.5732084
-1.5517726
-1.497937
-1.4136773
-1.374444
-1.2080024
-1.2635252
-1.3771258
-1.6024662
-1.5909193
-1.6051429
-1.9237547
-1.9124708
-2.4960611
0
-1.7605627
0
-2.1777962
-2.6972566
-2.9722025
-3.124871
-3.4072907
-3.2126427
-3.1074135
-2.8222823
-2.1868891
-2.4319188
-2.2478617
-2.2254059
-2.2373996
-2.2331343
-2.2475023
-2.1823406
-2.0746847
-2.145292
-1.8855347
-1.8390454
-1.8216406
-2.1600686
-2.0617743
-2.9238661
-2.4540222
-1.7332164
-1.7566799
-1.7898736
-1.7898736
-1.5740624
-1.2834321
-1.6310608
-1.2785218
-1.1423757
-0.4782773
-0.11121883
0.14776773
-0.37359376
-4.4766957
-1.4384206
-1.7324836
-1.6492414
-1.6470693
-1.6233413
-1.726996
-1.802661
-1.7272038
-1.7372717
-1.6979541
-2.8429706
-2.5838527
-2.5484301
-2.4350194
-1.2823008
-1.7936994
-1.9689284
-2.4999739
-2.5531618
-1.7242783
-0.91550814
-1.7170182
-1.4474284
-1.459669
-1.8266993
-1.7352917
-1.8379243
-1.8930332
-1.9714616
-2.3035004
-2.4429674
-2.2293161
-2.4569799
-1.9523064
-2.0903551
-1.9822519
-2.4323875
-2.0296674
-2.1246072
-2.4969518
-2.4738696
-2.7177081
-2.4864746
-2.6243476
-2.5875902
-2.3809847
-0.88938235
-0.43253203
-1.8381924
-1.9860403
-1.9700692
-1.749357
-1.6234974
-1.5327914
-1.9785831
-2.2337073
-2.0819757
-2.1271884
-2.0661061
-2.2908329
-2.8409307
-2.8213981
-1.7572599
-2.445016
-1.4675529
-1.392177
-1.3338259
-1.3109321
-1.3296608
-1.3087732
-1.3036714
-2.2199129
-2.0626194
-1.9539801
-1.9849183
-2.0804966
-2.021931
-0.55590375
-0.62747612
-0.13590314
-0.28832381
0.074162371
-1.8281474
-1.893169
-3.4466597
-3.3469729
-3.675448
-3.0796352
-1.7948964
-2.5847955
-2.9093331
-2.4771876
-2.3166322
-2.0757058
-2.1923524
-1.152496
-1.2446834
-1.3267821
-1.3800375
-1.3243842
-1.5648938
-1.6843174
-1.5917348
-1.4470285
-1.5158618
-1.7057089
-1.6620255
-1.9955197
-2.2737806
-2.2414228
-2.9728699
-2.8012309
-2.8214017
-2.6500275
-2.5904809
-3.0710184
-3.0457489
-2.1282063
-2.2268859
-2.5255468
-2.4950436
-2.1191628
-1.1298369
-1.9440633
-1.663233
0.25981304
-0.01399893
-0.93107501
-2.0277353
-1.9912656
-2.0202739
-1.7723894
-1.9278037
-1.67037
-1.9793747
-2.0905006
-2.0977464
-2.4535925
-2.3193363
-2.1952997
-2.4925334
-2.4204862
-2.2278984
-1.4114787
-1.4852487
-1.4930749
-1.4554828
-2.2032609
-1.9075421
-1.4102118
-1.0691648
-1.6555684
-2.2155697
-1.4487908
-1.4672009
-2.1361069
-2.2938271
-2.5450447
-3.3649462
-2.8869154
-1.2282109
-1.5001303
-2.3381263
-2.0071364
-2.2424169
-1.9933499
-1.7550332
-1.7769033
-1.8542802
-1.7578905
-1.8044992
-1.7950443
-1.8689649
-1.9238588
-2.0307118
-2.1333483
-2.3518887
-2.3777411
-1.8964988
-1.7196451
-1.9484296
-1.6475212
-1.9286234
-1.6363983
-1.7148354
-1.725938
-1.6156249
-1.6425185
-1.879408
-1.7944321
-1.7330995
-1.6914701
-1.6584268
-2.0497818
-2.0895952
-2.1350757
-2.2821997
-1.9976397
-2.1289664
-1.9571551
-1.8653787
-2.0274939
-2.0680342
-1.7403513
-1.7243586
-1.7595649
-1.7554484
-2.2859754
-2.4247954
-2.372417
-2.411272
-1.4211222
-2.355611
-2.4395368
-2.4324008
-2.4356082
-2.5823693
-2.4249453
-2.6070836
-2.621336
-2.3183433
-2.512266
-2.2476415
-2.4662536
-2.4090866
-2.0735234
-2.5113747
-2.5080244
-2.4519119
-2.2881873
-1.7543808
-1.5964601
-2.1427995
-2.205899
-1.4962088
-1.9072065
-3.0997304
-3.1759337
-2.9364395
-2.9972236
-2.9103774
-2.881276
-2.8024161
-2.8326993
-2.6229358
-2.0560607
-2.2227462
-2.0183434
-2.3883869
-2.0910206
-2.0320271
-1.9646836
-2.1348098
-1.9336037
-1.6085583
-1.5124926
-1.7214122
-1.8017099
-1.9284003
-1.7941553
0.026133773
0.12065979
-0.79293005
-0.11674603
-1.0214459
-1.8893563
-1.8647282
-1.8845163
-0.79216513
-1.1805816
-1.5096461
-1.1314038
-0.94473899
-0.6368606
-0.85476873
-0.9208877
-1.4785366
-0.7674106
-2.3771545
-2.340582
-1.492863
-1.6700224
-2.3475479
-2.3173173
-2.3861324
-2.4995352
-2.3122693
-2.3836007
-2.3248022
-1.5887238
-2.5353186
-1.5168289
-2.4820971
-2.5237151
-2.7147814
-2.7585995
-2.7031613
-3.1276494
-3.2336137
-3.1889479
-3.2717047
-3.3075239
-2.9711809
-2.826572
-2.9115164
-2.047894
-1.8104605
-1.4620518
-1.3635656
-1.9026376
-2.0460167
-1.7406313
-1.5189588
-1.5391146
-1.4468332
-1.4242997
-1.4119215
-1.3219393
-1.2844016
-1.7634559
-1.3142189
-1.6136825
-0.74689718
-0.88030798
-1.5704411
-2.0281115
-1.6382591
-1.5787896
-2.4530281
-2.943767
-2.6330341
-1.2352835
-2.3439224
-2.7221266
-3.20228
-3.6011602
-3.0272934
-3.3339561
-2.9154568
-2.2425185
-2.2208416
-2.2554055
-2.2173171
-2.2153855
-1.9820939
-2.7295799
-2.4703097
-2.1077051
-1.813858
-2.3817197
-3.1519421
-2.6464293
-2.4207542
-4.3192227
-1.8388673
-1.7458245
-4.5713255
-1.8093467
-1.7046967
-4.5278446
-1.7407217
-4.5378028
-1.8490119
-1.5184748
-1.4442519
-1.5634221
0.1076354
-1.5422072
-1.5439008
-1.5730731
-1.7970697
-1.8172993
-1.6359116
-2.921742
-2.8098356
-2.9999382
-2.2056235
-2.2964335
-2.4101014
-1.2524878
-1.3345635
-0.82808992
-1.3722174
-1.5735811
-1.8304798
-1.6403047
-1.8581475
-2.4994748
-1.9254342
-1.846928
-1.4428519
-0.92380614
-1.0167347
-1.7494571
-3.1838279
-3.3049048
-2.0735569
-2.1214636
-1.9880374
-1.7461952
-1.8319237
-1.8873576
-1.9127927
-1.5584458
-2.3883605
-2.4029379
-2.4658399
-2.6211086
-2.5930506
-2.1530194
-1.9715471
-1.8990979
-2.4309018
-2.5127167
-1.9371063
-2.057449
-2.7633232
-1.735185
-2.0511597
-1.9327998
-1.8276241
-1.9444571
-2.174893
-2.4374508
-2.5823654
-3.1344168
-3.1151409
-3.0947851
-2.8507633
-2.6776157
-1.9327206
-1.9579371
-2.2883533
-2.1437024
-2.196061
-2.2299192
-0.61818248
-0.36990561
-0.32521728
-1.9064468
-1.8730857
-1.8484825
-1.4477519
-0.71047111
-2.3509623
-2.1020469
-2.007582
-1.5366039
-1.1932948
-2.1353827
-1.9600773
-2.2250052
-2.1943411
-2.1536238
-2.2342977
-2.4905771
-2.6999632
-3.027413
-3.0855928
-2.6812829
-2.0499501
-1.666063
0
-1.7195528
-1.5253545
-1.3132014
-1.8172782
-1.9935663
-1.6451877
-0.62242226
-0.56071732
-1.9478723
-1.8368168
-1.6934264
-2.3123664
-1.778233
-2.9986567
-3.4127843
-3.6335881
-3.6775698
-3.5036278
-3.0243424
-1.9337847
-2.0207739
-2.3412047
-2.3595201
-2.2112883
-2.6201946
-2.9488399
-2.8860673
-4.7171086
-2.0061937
-2.0874591
-1.9543738
-2.2348123
-4.6804201
-1.95184
-1.3811002
-1.3066939
-0.81049996
-0.58671524
-1.0928639
-1.3585646
-1.0092059
-0.98914837
-0.82588899
-0.63093295
-1.4314038
-1.6631417
-1.6972472
-1.6682434
-2.1862391
-2.1291675
-2.0101948
-2.0196435
-1.7347346
-2.3006233
-2.132168
-1.7599114
-2.1908424
-2.5334517
-2.863484
-2.7186587
-2.7784517
-2.9115347
-2.6105002
-2.4583726
-2.818188
-2.9258232
-3.1236949
-3.1632832
-2.8155395
-2.0385936
-2.2139902
-2.0022227
-1.9995936
-1.9484414
-1.8623688
-1.7676026
-2.0797271
-2.2696302
-2.5817693
-2.5751518
-2.6089157
-2.5142544
-1.8650485
-2.5052155
-1.3411841
-2.0066952
-2.0608746
-2.2726815
-1.1920943
-2.6848796
-2.5717797
-1.7780682
-1.9551713
-2.3553067
-2.4527793
-3.3543792
-3.3235394
-3.147342
-3.3562
-3.2094892
-1.0610496
-1.2113714
-4.2013895
-1.4596944
-1.7752138
-4.1951601
-1.8096757
-1.7748182
-1.9297343
-1.9298903
-1.7050359
-1.9951156
-2.0780854
-2.0410194
-2.2552306
-2.0767404
-1.9676346
-1.8605693
-1.6351811
-1.6450525
-2.2907427
-2.5869891
-2.5715615
-2.4079597
-2.4287136
-2.5172929
-2.516036
-2.302001
-2.5182294
-2.409908
-2.0945695
-1.8461141
-1.6860211
-1.7614301
-1.5464634
-1.8387322
-1.7193904
-1.4503638
-1.3992544
-1.7610741
-2.2555381
-2.214085
-1.9060291
-2.9582984
-2.8445913
-3.040382
-2.927301
-2.7622575
-2.6922351
-2.5310044
-2.4950658
-2.3095194
-2.4313477
-1.9339085
-1.9916181
-2.0939572
-2.3085765
-2.0052316
-2.025339
-1.5669956
-0.91706698
-1.2146041
-1.2390678
-1.9954676
-1.6105157
-1.5247586
-2.0878032
-0.69687422
0.28885107
-0.32094279
-0.59246379
-1.2705945
-1.7327529
-1.7754194
-1.5282772
-1.5806739
-1.1760266
-1.3438482
-1.3053877
-2.6621426
-2.3667615
-2.1210335
-1.7545101
-1.6850809
-2.3223041
-2.3298325
-2.6688554
-1.597155
-2.2043197
-1.9618643
-3.0332702
-3.0208886
-3.1727157
-3.217971
-3.1347257
-2.9333449
-1.4790954
-1.4908349
-1.3312561
-1.3389057
-1.3545243
-1.3324383
-1.4056656
-1.6388253
-1.3935713
-1.2759888
0
-1.2176441
-1.2525297
-1.4049959
-1.8858828
-1.6505495
-2.1329376
-1.7797691
-1.3972971
-2.4138394
-2.6088197
-2.4474919
-2.0692215
-2.4078155
-2.0089084
-2.6084826
-2.8471892
-2.1753593
-2.524449
-3.4995839
-3.402342
-3.1210916
-3.0045589
-2.8972669
-2.9553907
-2.4439804
-2.5122914
-2.3272392
-2.3958088
-2.3167535
-2.2213422
-2.272971
-2.1175386
-2.1852492
-2.229989
-2.2272222
-2.2216547
-2.2440485
-2.0681173
-1.9620486
-2.2782929
-1.7072558
-2.019715
-3.1849258
-3.1183915
-2.6847333
-2.8800568
-3.0451813
-2.202411
-2.677656
-1.8938625
-1.3745362
-1.3209884
0
-0.31006684
0.17826969
-1.3053919
-1.5765363
-1.7137452
-2.9034374
-2.1820514
-2.0168333
-0.3762668
-1.6618212
-1.4496672
-4.3147874
-1.274435
-1.9115126
-3.045118
-2.1617332
-1.2041913
-1.1517465
-1.8041019
-1.9667695
-2.1020667
-2.4414831
-2.3672932
-2.3434061
-2.7519508
-1.9936658
-1.4102786
-0.77592911
-1.7792439
-2.9960682
-3.2890869
-3.2742983
-2.8513593
-1.7488235
-1.6292788
-3.3509536
-2.732572
-1.5875566
-1.5842734
-1.7918405
-2.5773316
-1.7406666
-1.4114789
-1.7057697
-2.0817021
-1.853274
-1.9301419
-2.7318647
-0.43322608
-0.54828356
-2.0121264
-2.7328737
-2.650336
-2.7964874
-2.6514331
-3.7440934
-3.7322016
-3.258952
-2.5688475
-2.6533094
-2.2225648
-2.5679558
-2.5463812
-3.0843011
-3.1081513
-2.5928489
-2.2918778
-1.9978281
-2.3948456
-2.2583714
-1.8705112
-2.1639228
-2.2813064
-2.4866697
-2.4721571
-1.7211656
-1.7482879
-1.8315846
-2.2854922
-2.6682408
-2.5585979
-2.1643181
-2.4064076
-2.4822197
-2.3000743
-2.2499944
-2.2820375
-2.490414
-2.0538976
-2.205899
-1.4192632
-1.9182708
-2.298931
-2.3687328
-2.9792908
-2.2626993
-1.6026243
-1.6651102
-1.1093421
-1.0289488
0.053746063
0.26679692
-1.7694098
-1.6778865
-1.7073425
-1.7044541
-2.1721217
-2.28866
-2.2291467
-2.6854386
-2.0569381
-2.7184589
-2.1398695
-3.0709108
-3.1517091
-2.8984679
-1.6846363
-1.4948506
-1.5080743
-1.554911
-1.5238958
-1.2801221
-2.0458382
-1.3363328
-1.5823666
-2.0274523
-1.7120507
-2.1978525
-2.2379469
-2.4956481
-2.3642371
-2.7027465
-2.4296879
-2.755506
-2.8679899
-2.3446407
-2.8550565
-3.5303995
-3.2334898
-3.0390864
-2.2633
-2.0902072
-2.1380746
-3.3267301
-3.3873917
-4.3984109
-2.0849732
-1.8932938
-1.7528723
-0.9587766
0.15741031
-4.4441431
-1.1488434
-2.5156177
-1.7318221
-1.9399566
-1.8043085
-1.9498669
-2.1455363
-2.9673392
-2.1593157
-2.8429961
-3.6212063
-3.0667718
-3.4049666
-3.2037247
-1.9355534
-1.8277546
-2.2050856
-2.4428285
-2.2099703
-2.9148738
-2.7324462
-3.0462233
-1.3465798
-1.7787697
-1.9839535
-2.3230874
-2.3799126
-2.491819
-2.5233869
-2.4533127
-1.9353858
-2.3774091
-2.2930069
-2.8717124
-2.763973
-2.8035428
-2.6914806
-1.0490247
-1.6562953
-1.7365842
-1.6237907
-2.3006805
-2.2653487
-3.1929996
-1.8744261
-2.1384854
-1.2758514
-1.767377
-1.671475
-3.213609
-2.3189503
-2.6127003
-2.4495758
-1.7847713
-2.3544709
-1.8097954
-2.0586439
-1.7566436
-2.12421
-1.7318373
-2.0227924
-3.1692938
-0.26803095
-2.19753
-2.2913051
-2.3403277
-3.1780938
-1.8133926
-1.8008227
-1.5565581
-3.4524263
-2.0136433
-2.0604507
-2.2565899
-2.2202619
-2.4724059
-1.8793033
-1.9189024
-2.686151
-3.0094354
-2.4564148
-2.4694822
-2.0560798
-2.0823784
-0.002658267
-1.5163933
-1.5163933
-2.8496456
-3.3883647
-2.2555492
-1.9851264
-1.7799207
-2.4715433
-1.7984694
-2.882966
-2.923115
-2.3368116
-1.9507364
0.20459578
-1.7242935
-1.6245487
-1.7048106
-2.361718
-2.4370882
-3.000454
-1.4700102
-1.3375868
-1.2941751
-1.2602902
-1.2051784
-1.4289934
-3.205158
-2.3155063
-2.576497
-2.5766428
-2.3064486
-2.2588932
-2.245991
-2.3002524
-2.1559481
-2.1497715
-1.975228
-2.1385151
-1.388829
-2.4514031
-2.8671468
-2.1492695
-1.4216117
-2.2888064
-1.6006937
-3.0707939
-1.7619329
-1.6466343
-1.6894789
-2.7504818
-2.2558479
-2.2900495
-2.9781694
-1.8124899
-2.2968211
-2.9734063
-1.6920672
-3.1532126
-1.4566236
-1.9389217
-1.9571333
-3.1498391
-2.0112025
-2.0440993
-2.8752866
-0.14320352
-0.55742606
-3.3490496
-2.3618184
-1.7101374
-2.5218704
-1.5851164
-1.6577401
-2.5667724
-3.0182278
-3.3083994
-2.5811125
-2.5907279
-2.2870303
-2.2366637
-2.2193535
-1.2933965
-3.3334609
-2.4060661
-4.8728064
-1.9217546
-3.7550253
-2.9500226
-2.6311274
-2.5160476
-2.4422082
-2.1331967
-1.988263
-2.2989663
-2.8380386
-2.7978618
-3.0642316
-4.4201358
-2.0516928
-0.97392326
-2.5376369
-2.3238087
-1.7653055
-1.7294572
-3.1818445
-0.31207268
-2.6712139
-1.344927
-2.6664764
-2.1389665
-2.5613875
-2.4997619
-1.2017529
-2.15413
-2.0482798
-2.5716936
-2.8020787
-3.1876797
-2.310466
-5.193283
-5.2407974
-5.3897226
-5.2991134
-5.0696925
-5.0546035
-5.2109478
-5.3470893
-4.8967736
-4.8058727
-5.1203294
0
0
-5.3293882
-5.1368514
-5.0532967
-5.2318436
-5.0289313
-5.2018787
-5.1934523
-5.457379
-5.4533307
-5.3059459
-5.4211265
-5.419401
-5.4737371
-5.3934597
-5.4327528
-5.5147848
-5.1602282
-4.9080333
-5.4689262
-5.4930804
-4.7140938
-5.2892853
0
0
0
0
0
0
-0.1007644
0
0
-5.2924892
-5.3962299
-0.1007644
-5.3863256
-5.4456338
-4.6281069
-4.4635293
-4.5509971
-4.7260552
-5.4097327
-5.4287797
-5.4900803
-4.9417621
-5.4849578
-5.0639148
-5.1636525
-5.3484029
-5.5619756
-5.5595874
-5.5409378
-5.5507035
0
0
-4.3259296
-5.3143456
-5.5899836
-5.6042391
-5.5768418
-5.4022087
-4.277645
-4.3259246
0
-5.6048553
-4.2593492
0
-4.4286537
-4.560207
-4.9614828
0
-5.4911682
-5.5259673
-4.2062908
-5.349594
-5.5803885
-0.1007644
-5.4556921
-5.6117698
-5.1959814
-5.4898318
-5.6270417
-0.1007644
-5.4666224
-5.4898695
0
-5.519837
-5.5463923
-5.4642876
0
-5.4881054
-5.5118765
-5.5996628
-5.6041953
-5.5225539
-5.6015808
-4.2326542
-4.432184
-4.8526048
-5.2832804
-5.1911887
0
-5.4639952
-5.5813259
-5.354344
-5.6381446
-5.4975562
-4.1886904
-5.4456365
7.2164497e-16
-5.6458054
7.2164497e-16
0
0
0
0
7.2164497e-16
0
-5.4882849
-5.4930794
-5.4531386
-5.5198368
-5.4953745
-5.6267045
-5.5870545
-5.4589458
0
0
0
-4.214425
-4.598121
0
-5.3134721
0
0
-5.3352444
-5.4043107
-5.5034412
-5.6445682
-4.2499453
-4.407981
-5.4861198
-5.4349155
0
-5.640871
-5.6539904
-4.249488
0
-4.5239242
-4.2695978
0
-4.5667035
0
0
0
-5.6128976
-5.532499
-5.6354685
-5.6601867
-5.5561485
-5.6007377
-4.3069772
-4.4969895
-4.5417508
-4.4239386
0
-5.6672683
-5.6463964
0
0
-5.6672683
0
0
-5.6556425
-4.4033899
-4.5187366
0
-4.4426689
-5.6450036
0
-5.6547192
0
0
0
0
0
0
0
0
0
0
0
0
0
0
0
0
0
0
0
0
0
0
0
0
0
0
0
0
0
0
0
0
0
0
0
0
0
0
0
