0.82455187
-0.24520191
0.28437173
-4.2450488
-1.0876036
0.023091317
-0.55269736
-4.0899088
1.9450395
1.6141627
1.6938525
-0.7659983
-0.88613437
1.4216152
0.50385033
0.56855025
-0.59144902
-4.1291786
-3.9207383
-2.8315976
-4.7973455
0.54115127
1.706121
-2.6552629
-2.4123681
0.70499556
-2.7092266
-0.11752095
4.5188288
0.84784689
0.84384986
1.2186647
-3.3903456
0.31886699
-0.39172622
-1.1248577
-2.7514908
-3.1626439
-1.1833145
-2.0600203
-1.6289017
1.2756157
-2.4249885
-1.1688943
-0.84245782
-3.4418794
-4.4026607
0.70305609
0.61490154
-3.5200956
0.17172428
2.4270707
-2.1422671
-4.5550763
-1.6174475
-2.366689
1.377268
-2.2041222
-3.4992791
-2.3694487
1.6174509
-0.74608499
0.52216742
-4.0212314
1.3977945
1.4712132
-0.57455971
-0.76309511
-0.7724713
-3.1678317
1.2885221
-0.87102925
-2.0078588
-3.1528507
0.19734366
-2.3384796
-1.7879792
-1.6564326
-0.9255702
-0.14779454
1.8284475
-1.4921008
1.1286697
-3.3706095
1.0262974
-3.0933212
0.20567419
-4.3055639
-3.3301581
-2.1814174
-3.777534
-0.58882171
2.6254126
-0.57208377
-4.2787727
2.910089
-2.8790759
-3.1023472
-0.31486422
2.790585
1.2098044
-0.75847566
2.6259631
1.1025506
2.6467351
0.23262051
-2.8408127
-2.3994339
-2.5742753
-0.454066
-4.4740086
-5.7304126
-1.3208068
0.090473616
2.4041474
3.1985727
0.093960683
-0.64257167
-1.8391983
-1.0092029
-1.0628852
-4.2943179
-2.8345298
0.45803776
-0.4633695
0.33399476
1.1636527
-1.219584
-1.0519341
-1.9629485
-0.35819816
-2.4771503
-1.2330768
-2.6929291
-4.7578541
0.91256109
-1.8720719
-3.6473899
-2.7567567
1.0766975
-0.88139454
2.0293194
-2.4976076
-4.2284534
2.42709
2.8023264
-0.29871092
-4.4639681
-3.5442912
-2.6739551
-2.5871321
-1.2623959
-1.8047603
3.7904325
-0.83054798
-5.279025
-2.896526
-3.3573029
-1.9290947
-1.6084389
-1.8780386
-1.4627207
-2.0466381
-2.3613787
-4.0427115
-1.960753
-3.2914251
-3.9412305
2.8841035
0.17599043
0.24437056
-2.0881654
1.5964731
-1.6889509
0.73733558
1.4257738
-0.37883597
-2.7352089
-2.8381506
-2.2951003
-3.8901478
1.5216171
1.1113433
4.230762
-4.6895232
0.63513409
-0.63065392
-5.7034327
-3.7010793
-4.1298146
2.7546151
-3.9188531
-4.0453975
-0.91272032
-3.654789
0.76154961
-0.33338246
-1.458255
-1.4910269
-1.3264886
-2.0752159
-1.805197
-1.2360714
-2.2139785
-1.9038683
-3.0289518
1.1463451
-2.0528216
2.4498341
-1.0772339
-1.5961425
-4.0327272
-1.5256274
-2.399078
-3.7509114
1.3548887
-0.76054516
-2.8597326
-4.295601
-1.5499548
0.95204165
-0.22618626
-2.0977269
-0.772523
-2.0580124
0.10580869
-1.6901977
0.90353158
-0.81346987
0.70044656
-3.0645001
-2.4948011
1.0112607
-2.8226567
-3.5430407
1.3311621
-4.3384733
0.5514232
2.7895458
2.5111925
1.8303058
-1.0921282
-0.44247673
-0.58707087
2.2800207
1.9303166
-1.136239
-1.763555
-2.8863233
-2.1736515
-5.4145484
1.7303143
-1.5079404
-0.37125783
-3.5107799
-4.6262123
-5.0731544
-3.5112966
-0.14872929
-1.1377583
0.074817287
-1.049336
-2.2746149
-3.3658283
-4.1149074
-2.116006
-2.9783259
-0.61851999
-0.46235211
-0.4406992
-4.340395
-4.2243592
-0.17659127
-4.6468193
0.20817368
-2.1349506
-1.2055842
1.3418468
0.62374626
-0.36575162
2.6219152
2.8359685
0.5854578
-1.0902477
-0.75811702
-2.9332587
-3.0268006
-1.3597524
-1.7988475
2.3743655
-2.002816
-4.0963605
-2.6640226
-3.2149677
-1.8841479
-2.629301
-2.7194042
-0.7200103
-1.1862199
3.8597928
1.6761017
-1.479169
1.5337229
-3.717284
-2.2703422
-0.43287821
-2.6832171
-3.3911644
-4.3562024
-0.23166883
-4.9389927
-1.3474696
-4.1189042
-2.6014681
-5.0711486
-4.212143
-5.560293
-1.2706904
-1.8259681
-1.2851343
0
-1.7393322
-2.6416705
-1.9049399
2.1572712
-0.8734936
-0.8295004
-1.3146671
-1.8052794
-5.067959
-4.812293
-2.5179623
-4.7894338
3.8810965
2.5179137
0.23574622
-0.7059461
-2.9953011
-3.6744698
-2.383886
-3.2024438
-2.6242471
0.10281028
-2.4456347
-1.1686166
-0.71096965
-4.4745098
-4.3181334
0.50377712
0.61485191
-4.2716115
-1.7039087
-2.86974
-1.5054072
-0.038105356
-1.4484854
-1.3103317
-0.86310093
-3.8187182
-3.8328159
-3.0463958
3.6390658
3.3730054
3.2968213
2.7846898
1.2023316
-0.061342995
-0.58208705
-1.9595971
-1.3676422
0.11551834
-0.12339552
0.8050753
-3.9574776
-2.0236628
-3.5209296
-5.272022
-4.7513597
-3.389455
-3.2437332
-0.098496107
-1.1039535
-1.5086105
-0.22147022
1.2119889
2.8704098
-0.46268854
-3.5396966
-3.5213532
-1.6194131
-4.2571955
-3.9802051
0.79293614
2.4167687
0.30366398
-1.4898801
0.24988441
-1.0639093
-0.41173105
-1.7218944
-2.3889044
-1.8351493
-3.8181424
-4.2789343
-2.7237822
-3.0215325
-0.7147797
1.8100694
-3.6725612
-2.0064379
-4.0634017
-3.8719295
-0.5651071
-0.85070795
0.4855447
-2.9994474
-1.8951413
-3.7421274
-2.0913916
-3.2227407
-3.3436532
1.6798229
-0.29814893
-2.5714198
-1.824245
1.9056792
-2.6698964
-3.4946153
1.3860866
-1.7205456
0.95991278
2.3841779
-3.3766035
1.3606047
-0.50046359
-3.1890696
2.8475038
-1.2941853
-3.6131116
-2.1422238
-1.889704
-1.8776489
-0.48641675
-3.0662154
-3.839674
-1.9860586
-0.34982438
-1.4884787
-1.3747061
-1.8631104
-0.56582733
-0.22869584
-0.052222412
-1.1491133
-2.8082523
-2.0034287
-1.4268677
-4.7392407
-2.5653214
-4.9884509
-3.7377937
-4.5732059
-3.1714442
-3.4172521
-1.8941191
0.79291428
-2.6441294
-0.47139574
1.6198358
2.2653811
2.6612233
-0.20052841
1.5888315
-2.8890044
0.17338387
-4.954497
-4.0178309
1.157665
-0.011260447
-1.4692501
2.078609
3.3326779
0.085783051
-3.510199
-3.7673722
-2.223851
-1.7202469
-1.2723903
-3.1183323
-1.6571806
-3.61836
-4.8571667
-3.4516059
-4.7062379
-0.70245716
2.8223791
-5.146253
-3.9635838
0.093360518
-1.1049202
-1.0269842
-5.2318638
-4.6044107
-1.7222845
-3.3170178
-3.3850521
-1.2568838
1.1295619
-1.8786966
1.4342178
0.54119128
2.1707499
-1.8180481
0.46532123
-0.74207727
1.8592551
-3.3352328
-4.1814578
-0.37216803
-1.4651421
-2.5476373
1.9476746
-1.5827631
-2.2892528
-0.91429411
-3.3096271
-2.1735875
-3.6907039
-0.70306839
-2.2236023
1.5359458
-2.9297819
-1.7520587
-0.70021635
3.5796713
1.2874896
-3.1858958
-1.5213908
-2.8797512
2.1828906
2.2103908
1.1357411
0.96934589
-2.3808519
3.0581308
1.8094734
-1.3066363
1.3835486
-4.1064928
-4.8566876
-5.17445
-5.2168133
-4.7964168
-1.845949
-2.6403047
-1.6359916
-2.2954498
-1.2642239
-1.5295013
-0.010244219
-4.2849597
-2.9910024
0.45199887
0.76104077
1.3786173
-5.0037342
-0.24480866
-2.4849857
-3.4066492
-3.27431
-1.9644974
0.22744179
-1.0406537
-2.7455464
-3.3507668
-1.218063
-2.1907787
-2.2249337
-2.408415
-2.7484301
-0.73376811
-0.87790571
-0.73789739
3.3210362
-0.10344663
0.95927677
-1.8678517
0.40574644
-2.0332364
-5.2113128
-5.5202402
-5.9022413
-1.2499021
-4.6197212
-3.2618983
-3.6474513
2.10361
2.2564786
3.003949
2.0361676
2.0936209
0.50711313
-4.0410768
-0.84070737
-1.7456621
0.8377278
-0.034784047
-0.55587557
-0.39992221
0.39275408
-1.58426
-3.4291976
-4.9460693
-4.2478534
-2.0409787
-3.5282314
3.2031477
3.1198425
-1.7334962
1.6145331
-2.8283812
-4.5048089
0.18308966
-1.396967
-3.1755023
2.2308356
1.6126947
2.2718449
1.1501011
-1.6256173
-1.5876453
1.7576501
-0.05687062
-3.3279818
-2.1400178
-2.3079496
-1.7455406
-0.7062325
-0.37464045
-5.7274816
-0.75017281
-3.1571935
-0.32992798
-0.27143514
-0.42311613
-0.91130227
-2.0529221
-1.0576187
-4.1357409
-3.8033767
-2.3584037
-2.3164899
-2.4022677
-3.4852659
-2.6313408
-2.8382842
-2.2425794
-1.0854769
-1.4975793
-2.4602053
-3.2592678
-2.0502701
-3.2658024
-0.61755904
-3.5362253
-3.8323386
0.4046283
0.63392573
-4.8373172
-4.85738
-1.8262118
-4.90588
-3.2854111
-1.4787227
-4.0898761
-2.6332917
-3.5345142
-3.3504257
-1.3919532
-3.3052263
-2.8760183
-4.370735
-0.117308
-1.2669272
-2.5588942
-4.5143188
0.67804636
-0.1078627
-5.2311733
-4.0461586
-4.3256931
-3.7946748
-2.4114574
-2.5342468
-1.4588273
-3.6535392
-2.6087176
1.3217411
-3.3331538
-1.7382707
-3.2480054
-3.8081549
-2.763319
-3.3155276
-2.5754319
-3.9382864
-0.9624424
-3.5500863
0.0038508135
-0.57286162
-0.06969532
-2.1570783
-2.6047487
-4.6182201
-0.73337927
-2.2006938
-1.6126667
-1.3526181
-4.5135592
-0.32574534
-0.57868809
0.56070831
-3.4117226
-1.8469422
-2.4490189
-3.2083771
-2.5434986
-4.8227581
-4.7502723
-3.9546613
-3.9724245
-5.1101865
-5.3273125
0.63577773
0.18006567
0.39310752
0.74785946
-1.504061
-2.6108663
-4.5815919
-3.8243747
-0.21484981
-0.76542633
-4.3470549
-4.3057156
-4.9201293
2.9451351
-4.0607276
-4.8717655
-4.0866231
-2.7750074
-3.8206335
-3.3560841
-2.9142884
-2.4482181
-1.540143
-2.6041061
-4.1268449
-4.9199597
-1.2163613
0.11896596
0.64727442
1.028334
-3.8719404
-3.156997
-3.1673935
-1.6833462
-3.8568132
-4.1762165
-4.4284275
-1.556872
-1.3699754
-2.8058838
-3.4704922
-4.3067663
-4.1849144
-2.9298705
-2.4053443
-5.3756845
-5.0021531
-1.3874022
2.7636792
1.8854034
0.7627872
0.28859292
1.1062042
0.90334876
-2.0706538
-0.28934937
0.055760405
-4.1588069
-3.6706963
-0.85356072
-2.9450057
-3.0249634
-4.8729356
-3.9105348
-3.5285615
3.5878514
-0.81458318
-5.4424325
-2.9852273
0.75694397
0.77740428
2.5348785
-1.3864589
-5.2255096
-3.1020367
-3.9662505
-0.78265942
-3.8954156
-3.2581151
-2.8951482
-0.85710234
-4.798204
-2.7030131
-5.1499058
-5.7564403
-3.3458371
0.81087997
-2.9720032
-2.3337939
-2.8699333
-0.27528602
-2.2719385
-3.8169856
-2.2550835
-3.2827948
-3.6641202
-2.5137672
-3.552259
-2.6483547
-5.0720981
-3.5379307
-3.6924755
-1.7830513
-2.4061132
-2.6031091
-3.3962995
-3.3677215
-1.7635101
-0.63132541
1.6582997
-3.9486121
-3.2181818
0.19364069
-0.36946257
-4.6005221
1.950257
1.8660235
-4.0801652
-2.9814739
-2.2703545
0.33245685
-1.1009657
3.0810957
1.4347113
-4.0656251
-4.4734633
-5.4214074
-2.4805494
-5.0537555
1.7930587
-2.2032353
-2.3333928
2.1034077
-1.2889127
-0.73847029
-2.4612116
2.4090693
-3.1699265
-3.7836996
-2.554342
-0.71903812
-2.04071
-3.1227973
-1.2998122
1.6669739
0
-2.0597031
-2.4834915
-1.896742
-1.7464279
-1.2999526
-2.3070967
-2.6787785
1.2461861
-1.1713401
-4.9738539
-3.4540775
-2.9682746
-0.60378711
-0.017005931
-3.9762656
-2.6808734
1.7518085
-1.0710991
1.0884134
-4.211042
-5.3222265
-4.8452606
-3.6579673
-3.069297
-2.1861768
-0.70638232
2.2373023
-3.5709213
-5.137155
-1.8012408
-3.2069161
-5.4336128
4.284546
-4.0010311
-3.4569883
2.0486999
0.9098884
-4.8741264
-3.0468351
-4.8194131
-2.4001063
0.40949718
-2.7335245
-2.0099362
-6.3551511
-1.2384978
0.25544389
-1.2157462
2.0843058
1.7187689
1.7321235
-2.8629473
-2.3526037
-3.6934489
-3.0977645
1.4189451
1.2667574
0.5075281
1.4246944
2.1540093
1.3417935
-0.03814601
-3.2110355
-2.8216412
-2.892746
-2.1303827
-1.4532963
-1.8809742
-2.6070132
-3.6205244
-1.9874116
-2.5936035
-2.2501021
-1.7710924
-1.5866062
-0.73705448
-0.51199197
0.092694913
-4.5075528
-4.7686474
-1.9885738
-4.3781886
-4.3169414
0.31861177
-4.6936371
-4.5392447
-4.4776809
-6.4439198
-4.8287428
-3.2187348
-3.7152854
0.99242222
-4.2278978
-3.9734881
-3.0746917
-3.9606159
-5.0184139
-4.9123285
-3.8446243
-3.9465116
-6.0202209
-1.7757757
0.99828048
-2.6749383
-3.6709116
-3.5877383
-4.2643306
-5.2643678
3.4186927
-1.0254833
-1.688387
1.2066286
-2.5712673
3.9653609
2.3896378
-1.8840577
-5.0593977
-4.082157
-4.0318647
0.018519498
-3.7109267
-0.48202833
-0.68577241
-1.678655
-0.86835705
-4.086452
-2.7357742
-2.7363666
-4.6783008
3.6682364
2.0562136
-2.3259061
-3.0619843
-4.2232891
-3.7454323
-4.0852728
-4.3642326
-3.4570858
-2.3873735
-1.3119582
-2.5205711
-0.23463911
-2.0444354
-3.9436355
0.015494907
-0.13378535
-5.524244
-4.7277946
-3.0690954
-4.3778715
-3.0427025
-1.0816123
-3.6398906
-3.6332009
-4.6024223
-4.5404973
0.53674967
-4.0992857
1.8542258
-3.6195005
-3.3825151
-1.6643108
-2.3947116
1.5569704
1.2398556
-1.2876729
2.3607561
1.611799
-5.2769678
-4.6921793
-3.9697285
-4.3008557
-3.9719201
-4.9137191
-4.9094169
-3.5832575
0.32910782
-4.8234697
-2.8207389
-2.6476295
-0.85963455
0
-0.92204002
-3.0018993
-2.036157
-4.9680152
-2.6757532
-3.9943002
-1.7609176
0.57222644
-3.9462646
-3.5513078
-4.6823882
-1.8952051
-2.6664769
-5.2385274
-4.8518721
-5.2747971
-4.5413226
-5.015668
-5.423213
-4.6136684
-4.6720123
-4.8023518
-4.6249568
-4.1808191
-4.6088219
-4.5126389
-4.593175
-4.6629969
-5.2464202
-4.7484939
0
-4.2940001
-4.3271106
0
-5.9621416
-2.197127
-4.6980849
-5.4735394
-4.2004176
-4.417729
-2.9868777
-1.928005
-4.6761367
-4.5837505
-4.8507045
-4.9143775
-4.0112782
-4.1875302
-5.1411452
-4.2638956
-4.7439847
-5.1951727
-1.7299067
-5.4613737
-4.7863049
-4.1692538
-3.3504519
-4.7689315
-5.2676124
-2.4932018
-3.2143934
-5.4650342
-5.1594892
-5.1366431
1.0589333
-4.7954849
-5.1506129
-5.3230042
-4.8802336
-4.763409
-2.7041043
-2.8024757
0
0
1.0491785
-4.0429994
-5.1155439
-4.2042092
-4.7156608
-4.5267104
-3.215969
1.0381243
0
-4.688583
-4.6222691
-5.3577115
1.0474803
1.072513
-5.2291902
-5.7793829
0
-2.4098897
-5.324959
-2.6989173
-3.2432517
-2.4589129
-2.91831
-3.1906432
-2.8669967
-3.2495069
-4.1708584
-3.4975742
-3.6510146
-3.2478521
-3.0047327
0
-3.2737569
-3.6705893
0
-3.8552516
-3.7749336
-2.5068189
-2.972906
-2.4338802
0
0
-4.8147197
-4.4605013
-3.3749723
0
-3.03087
0
-2.7653272
0
-2.3158236
-3.1280056
