-2.3260101
-3.0676488
-2.1689773
-3.0065076
-2.1867772
-2.1776528
-3.8238835
-2.2426571
-2.1214751
-2.0141258
-2.0900203
-2.1994028
-1.5713821
-2.0479697
-2.2721623
-2.7670301
-1.9589208
-2.3260585
-2.2404233
-2.1054122
-2.2157826
-2.6828959
-2.2641894
-2.9033322
-3.2444049
-2.8472426
-3.3039472
-2.9454477
-1.8736453
-3.2777765
-2.7676303
-1.1258825
-1.435962
-0.5323728
-0.82480147
-1.6651443
-1.9860005
-2.5850193
-2.4907148
-2.3357421
-3.4382616
-2.8651455
-4.1064908
-1.8432834
-1.7723681
-1.6663714
-3.3968495
-1.1044622
-3.421323
-2.9863668
-2.2723812
-1.9048581
-1.865727
-1.9441737
-2.1735071
-1.9309159
-2.3601435
-2.355622
-2.5918886
-3.074184
-2.9588337
-2.5205384
-3.566419
-3.1414256
-3.2911264
-3.3240624
-3.799231
-2.5378474
-2.7786563
-1.3554319
-0.6859446
-1.797453
-2.208259
-1.2781762
-2.4110728
-2.2312116
-2.257255
-2.1714529
-2.5956843
-3.1335305
-3.5212505
-3.0134682
-3.132712
-2.7209247
-2.0222913
-1.7321564
-1.9203911
-2.654137
-1.8889859
-1.883461
-1.1288398
-3.1698428
-2.008069
-2.027478
-2.7051735
-2.6250787
-4.3997505
-4.4440302
-4.0303012
-3.6627558
-1.6892043
-1.2406298
-1.4271438
-1.220951
-2.2436365
-2.2387954
-2.0334916
-2.227258
-2.8569912
-2.1202076
-2.2516856
-2.2707401
-2.2091913
-1.9740938
-2.813347
-2.6651336
-2.3206143
-2.0049911
-3.1681344
-2.0732434
-2.5355339
-3.2988495
-3.079727
-2.8642741
-3.303041
-2.7208834
-2.4847315
-2.0185254
-2.4414948
-2.2740516
-2.3025728
-2.5097216
-2.3019918
-3.2546339
-3.3908471
-2.4850861
-2.3962871
-2.4073307
-1.3440844
-0.87277349
-2.0492232
-1.8031698
-0.3703827
-0.54869348
-1.3819394
-1.9038173
-1.1225989
-1.283804
-1.6254707
-2.9675463
-2.8298771
-2.5017813
-2.0058364
-2.8154807
-3.0522505
-2.9132312
-3.0714702
-3.7587442
-2.4015008
-3.0192614
-3.2805736
-4.0722016
-2.2456596
-2.7097398
-2.1677566
-1.9591807
-1.910974
-2.0254869
-1.9053912
-2.1187188
-1.8323794
-3.2072114
-3.609516
-1.695888
-1.5885813
-3.5532426
-4.1241423
-3.1874547
-2.67104
-2.7088703
-2.5307598
-6.6716463
-3.1506235
-2.7360256
-2.0197294
-1.2906195
-1.2070848
-1.1141028
-1.0470961
-1.9698362
-1.8209039
-2.0275883
-1.9315284
-2.3566468
-2.2565435
-2.4931661
-2.5808378
-2.4559085
-3.4544473
-3.4794302
-3.1339274
-3.1970752
-3.5409303
-2.8796942
-2.8783372
-1.3717113
-1.830591
-1.6317606
-2.1879101
-2.2864815
-1.7569188
-0.87984926
-2.2971179
-2.2831814
-2.3354319
-2.2826098
-2.11092
-2.3103054
-3.1664487
-3.2083629
-2.9975962
-3.1044865
-3.1585619
-2.2038992
-1.8903046
-2.3805454
-1.9806118
-2.3630767
-2.1536058
-2.1249862
-1.0827356
-1.7398076
-1.5110007
-1.994524
-1.3006212
-2.0043711
-1.9890088
-2.1362572
-2.2642516
-4.1722904
-4.2614923
-3.7154973
-1.7733328
-1.9598825
-1.8085916
-2.0831045
-2.1531249
-2.1136049
-2.0198295
-1.9435015
-2.016426
-2.24051
-2.4163535
-2.4489946
-2.1765471
-2.2507961
-2.156842
-1.9584812
-2.096968
-2.153413
-2.2364548
-2.6790356
-2.5489567
-2.5097597
-2.0997074
-2.1012144
-2.078293
-2.1553745
-2.0422124
-3.1968744
-3.2668581
-3.3017148
-3.0133666
-3.1328955
-2.8456408
-2.8571396
-2.7606649
-2.5884416
-2.6712932
-2.9622541
-3.1937111
-3.2276178
-2.7968118
-2.4918846
-2.5970251
-3.2870378
-2.7309896
-2.82535
-2.4648797
-3.1267736
-2.9136608
-2.8746195
-3.2834862
-3.5983725
-3.7636955
-3.0494771
-3.0566151
-2.192788
-2.3203944
-2.442059
-2.9153222
-2.7585245
-2.8290851
-2.3508243
-0.55417514
-0.61099253
-0.36449776
-0.82346052
-0.61175404
-0.414073
-1.0142723
-1.096103
-1.2410637
-2.2523
-2.0368608
-2.0723074
-0.9602159
-1.0194416
-0.74436274
-0.53404879
-0.77196747
-2.6569042
-2.8045942
-2.6362909
-2.4979373
-2.094598
-2.1123887
-2.148886
-1.9721471
-1.8570355
-1.724852
-2.3181886
-2.5357153
-2.4580497
-2.6809434
-2.7862775
-2.80059
-2.8868253
-2.5377591
-2.5770233
-2.9908711
-3.5488481
-3.7598055
-3.7579326
-4.0884001
-3.6804974
-2.8022948
-2.3289318
-2.4517405
-2.7075124
-2.4033398
-2.1107869
-2.0125721
-2.363438
-2.2268025
-1.9314417
-1.936556
-1.863912
-1.7369997
-1.7966784
-1.8411761
-1.8704908
-2.4752079
-2.2354933
-2.4532457
-1.4737826
-1.6324492
-1.5047946
-1.5209104
-1.6615091
-1.2332794
-1.9751742
-1.8385875
-2.7691988
-2.9073637
-3.7316566
-4.0742026
-4.1389566
-3.9137852
-3.8593883
-2.4671135
-2.7956654
-2.5034635
-2.9605598
-3.0339677
-2.8868721
-3.4916612
-3.463891
-3.6064196
-3.8670228
-3.3795569
-3.1874094
-3.0198305
-2.483415
-2.5091226
-2.5765651
-1.7935858
-1.7642987
-1.6801583
-1.1201818
-1.0386979
-1.589067
-1.7689851
-2.2092741
-2.0308343
-1.8451123
-1.8787313
-1.7938612
-1.8266523
-1.9774177
-2.0903426
-2.0796328
-2.0326778
-1.9117516
-2.6151123
-2.4984466
-2.4303917
-2.1680517
-2.6910042
-3.0483283
-2.9740606
-2.7574571
-2.469607
-2.0371909
-2.204759
-3.5454545
-3.2067335
-3.4930995
-3.3911455
-3.3519348
-3.2356117
-3.5194029
-3.6072005
-3.6848472
-2.4172811
-2.4672625
-2.6041613
-2.8654078
-0.52254415
-0.36983997
-0.98875306
-1.2673157
-0.64935392
-1.6139608
-2.1566945
-1.7914344
-1.7237552
-1.3342883
-1.3862521
-2.5513228
-2.4533649
-2.4031912
-2.2842432
-2.1935772
-2.0983132
-2.3786003
-2.2939919
-2.4374916
-2.9125046
-3.1330619
-3.281379
-3.1785345
-2.9684205
-2.7369659
-2.9182745
-2.7840099
-1.9606334
-1.7984273
-1.7853355
-1.7648575
-1.8015659
-2.6848276
-2.6080305
-2.8232014
-2.4656286
-2.3143467
-2.3804255
-1.8669751
-1.4542857
-1.5316944
-1.2706759
-2.5133996
-1.7994833
-2.6816548
-2.9466988
-2.1381119
-2.4215004
-2.2938055
-2.6895951
-3.0101711
-4.234101
-4.0465544
-4.326496
-3.917821
-3.3434692
-1.563229
-1.3355037
-1.3355424
-1.827797
-2.3008883
-2.2751112
-2.2827106
-2.2408207
-2.1425022
0
-2.0241415
-2.1257572
-2.2707189
-2.4364192
-2.7951912
-2.8802411
-2.1716758
-2.2269024
-2.1963232
-2.2726536
-2.2897942
-2.2218813
-2.2981187
-2.3368908
-2.3918102
-2.3062516
-2.9534873
-2.8674733
-2.6902981
-2.4338854
-2.3400235
-2.3200535
-2.1417148
-2.1573185
-2.0800871
-2.1095601
-2.1025624
-2.9912079
-2.3235395
-2.9342667
-3.1585916
-3.1242338
-3.2331507
-3.1526834
-3.0581513
-3.1179055
-2.8993249
-3.0231511
-3.1297938
-3.2548427
-2.5657008
-3.2392961
-3.3266677
-3.1879169
-2.983114
-2.6396688
-2.3528063
-2.1153096
-2.2041386
-2.0762281
-2.0597235
-2.6679613
-2.29338
-2.1189411
-2.2664682
-1.8988034
-1.913527
-1.5070986
-2.4746506
-2.5277498
-2.6724677
-3.0462952
-3.7354854
-3.524287
-3.2093121
-3.0769613
-2.5819235
-2.3342625
-2.162837
-2.1838373
-2.0205796
-2.6130591
-2.2806369
-1.6988189
-1.6013741
-1.6958689
-1.4168467
-1.723476
-2.0458776
-1.2503777
-1.1658755
-1.6309044
-0.84452124
-0.22912397
-0.72678252
-0.74841924
-0.99195892
-1.4600855
-2.2406615
-2.0622434
-1.8999958
-1.6700736
-1.398386
-1.5242903
-1.1895874
-1.253622
-1.8205549
-3.2709583
-3.3729685
-3.2035516
-2.7329928
-2.6171152
-2.2848163
-2.3289179
-2.104438
-1.988268
-2.1080346
-1.9680182
-1.9372897
-2.7988195
-2.9512218
-3.0337588
-2.6284972
-2.949902
-3.3302498
-3.3502518
-3.4694405
-3.8150678
-2.1470894
-2.3346319
-2.3919817
-2.9991811
-3.5775877
-3.4730028
-3.8257852
-4.2289019
-4.2791141
-4.0918935
-2.1935184
-2.2253013
-2.3698442
-1.9219806
-2.3044933
-2.1022665
-2.0432145
-2.0828346
-2.1014259
-2.6867216
-1.9665714
-2.113038
-2.0724891
-1.9464914
-1.7484269
-1.7484217
-1.7313443
-1.6490814
-1.7721096
-1.7547957
-2.2899596
-2.3624006
-2.1159589
-2.028599
-2.5204256
-2.8752707
-2.4328708
-3.1257659
-2.7347312
-2.5143139
-3.0976317
-3.6728134
-3.6421072
-4.1143324
-3.9197633
-3.6961631
-3.4698903
-3.1153683
-2.9736869
-3.115153
-2.7387409
-2.5905947
-2.6658208
-2.6588384
-2.6185095
-2.7462418
-2.5656187
-2.6856252
-2.7915906
-3.6622072
-3.0192694
-2.3771834
-2.2385189
-2.2736028
-2.3038027
-1.5231488
-1.0254736
-0.99333867
-1.1571076
-0.9275203
-2.0792282
-0.96331989
-1.363891
-1.3362304
-1.8727071
-2.2905067
-2.0812966
-2.0894176
-2.0902703
-2.2712227
-2.0686442
-2.1281685
-2.3165582
-2.511877
-2.1139298
-3.1792404
-3.3624854
-3.0315617
-2.9192221
-2.8858026
-1.6664209
-2.0158362
-1.8614505
-2.0842319
-2.2060743
-2.255573
-2.2499275
-2.2097183
-3.1551435
-3.114745
-3.1640556
-2.0925394
-2.3400379
-2.2708618
-2.1810346
-1.6532622
-1.3278801
-1.1688576
-1.4686818
-2.1392314
-3.9731394
-4.1531378
-3.6289419
-1.907206
-1.932155
-1.8909928
-2.3772938
-2.1046677
-1.9812207
-2.0223428
-2.1534051
-2.2297996
-2.3294848
-2.3491536
-2.1568348
-2.0854481
-1.9867122
-1.9418104
-2.1602369
-2.6852685
-2.5736813
-2.0991917
-2.1003752
-3.2585909
-3.2877604
-3.2634762
-2.8998095
-3.0157352
-2.9618533
-3.1727148
-2.8113896
-2.8472195
-3.0748025
-3.12351
-3.1983691
-2.9443336
-2.7807019
-3.0619335
-2.8729235
-3.3792228
-3.0431766
-3.0386276
-2.9448764
-3.206865
-3.1841327
-3.1949361
-3.3647208
-3.444791
-3.5304476
-2.9330482
-2.323099
-2.3951223
-3.0908097
-2.9334272
-3.0209981
-2.9650987
-0.99371928
-0.4032722
-0.73645276
-1.2684111
-0.9624354
-1.0302397
-1.369382
-2.1563397
-0.72601923
-0.73187003
-2.5796794
-2.4845815
-2.086191
-1.9016878
-1.8558261
-1.8927977
-2.6968096
-2.721919
-2.7140582
-2.6365923
-2.7676472
-3.5638183
-3.5461487
-2.7076553
-2.444301
-2.5906986
-2.5268937
-2.7193342
-2.4513084
-2.5808113
-1.8633301
-1.9115082
-1.8575097
-1.760407
-2.6220949
-2.4155989
-2.5534647
-1.3312594
-1.2718164
-1.1976566
-1.4465612
-1.4253219
-1.0212038
-2.5760236
-2.6702673
-3.5520772
-4.0498887
-4.007396
-3.9565709
-3.6949656
-2.3935469
-2.5263802
-2.4048896
-3.1483416
-3.0244817
-3.2018944
-3.3253353
-3.872409
-4.0400531
-3.1371603
-2.9319549
-2.7395694
-2.7624041
-1.6278963
-1.9867204
-1.7144108
-1.8356797
-2.1000947
-1.8186186
-1.8313485
-2.0962314
-2.2088809
-2.0344805
-1.8740659
-1.9531231
-2.5003755
-2.1654252
-2.2334285
-2.161983
-2.1205052
-2.7484932
-2.601718
-2.4295706
-2.8711918
-2.7740582
-2.0843855
-2.5318752
-2.6068496
-2.6995794
-3.5775383
-3.5168027
-3.5458904
-3.3317743
-3.4579174
-3.4342783
-3.4167479
-3.3639652
-3.4924852
-3.6066961
-3.6506452
-3.640796
-3.6547101
-2.5376944
-2.6800065
-3.0670078
-3.1634455
-0.92593588
-0.45736029
-1.6385333
-1.4571459
-1.5364695
-0.82482827
-0.93056108
-1.7393884
-2.2770757
-2.0078525
-2.0845009
-1.4886665
-1.4309612
-0.66114999
-0.30440905
-0.52535585
-1.124966
-0.84822999
-0.34612118
-2.467213
-2.455087
-2.6025577
-2.4268766
-2.307355
-2.3485103
-2.1697384
-2.2384682
-2.1796086
-2.1069427
-2.1388818
-2.2733478
-2.504015
-2.5904069
-3.0541329
-3.1215598
-3.1768098
-3.1013266
-3.1760189
-3.2840461
-3.1111007
-3.1210886
-3.0612777
-3.0719819
-2.9666885
-3.0633538
-3.1086257
-3.0483271
-2.9637146
-2.9798849
-2.1993848
-2.3848069
-1.8272944
-1.8988677
-1.876675
-1.8216933
-1.8132861
-1.839028
-2.6617181
-2.6029936
-2.5943594
-2.5467576
-2.4789673
-2.0441287
-1.8531901
-1.7300137
-1.6568833
-1.3554194
-1.9661954
-2.8191784
-2.0536343
-2.2672303
-2.1545172
-2.4831676
-2.4964843
-2.7610464
-2.9522905
-2.7969297
-4.4043381
-4.3570405
-4.4296806
-4.4033103
-4.3927667
-3.9858079
-4.1089102
-3.8363572
-3.5682643
-1.613889
-1.4485317
-2.0305666
-1.7412782
-1.8473647
-2.2083612
-2.2961756
-2.280566
-2.2446019
-2.0591531
-2.0985124
-1.8578799
-1.939294
-1.9266725
-2.1461584
-2.0076101
-2.1115431
-2.1253756
-2.2235243
-2.3314486
-2.3065852
-2.5685269
-2.5943873
-2.7328617
-2.2035977
-2.2715961
-2.059798
-1.848399
-2.1440105
-2.2048975
-1.9142917
-2.2846957
-2.3754271
-2.3953736
-2.3775917
-2.2111055
-2.3249955
-2.8313552
-2.763258
-2.4902727
-2.3945464
-2.2545793
-2.2901335
-2.0452743
-2.0594101
-2.2157923
-2.1480277
-2.194733
-2.0401969
-3.0276521
-3.1784269
-3.2952251
-3.1859616
-3.2370015
-3.0567509
-3.271542
-3.1419102
-3.1079463
-3.1971613
-3.1366139
-3.1783435
-3.1194827
-3.1074872
-3.0689448
-2.828701
-2.9668362
-2.8207972
-2.9708612
-2.7356927
-3.0349
-3.1917374
-3.1917544
-2.6684928
-2.3082458
-3.1765183
-3.2951176
-3.2906667
-3.340103
-3.2965248
-3.2723788
-3.1143379
-3.0696079
-2.874332
-2.4597923
-2.2514047
-2.3105597
-2.3542245
-2.1969457
-2.2070681
-1.9459581
-2.2394368
-2.9661857
-2.8272225
-2.1919472
-2.5700769
-2.5393177
-2.3611654
-2.2614826
-2.4944967
-2.2806594
-2.3640859
-2.6580457
-2.1085171
-2.1864791
-2.757213
-3.0487805
-2.9084537
-2.9652654
-3.1628743
-3.6780604
-3.7356637
-3.5756106
-3.7418388
-3.5131174
-3.3235305
-3.2187304
-3.2449777
-2.6653672
-2.7973545
-2.5207638
-2.3154975
-2.4376215
-2.4036187
-2.4272765
-2.2714633
-2.711588
-2.6137411
-2.5644168
-2.4190293
-2.0875825
-1.9145025
-1.7959212
-1.9969595
-1.224953
-1.6435628
-1.4584324
-0.547844
-0.28575076
-1.2995681
-0.39826215
-0.61654064
-0.32951411
-1.2823133
-0.3867517
-0.59592492
-0.45496467
-0.55397261
-0.53669119
-1.1308131
-1.5136634
-1.2513555
-2.2557267
-2.2535202
-2.0261458
-2.1080951
-1.8929396
-1.5058592
-1.2416625
-1.4891439
-1.2089862
-1.271052
-1.2615113
-1.6619149
-1.3574377
-1.1448966
-0.6917919
-0.92677835
-1.1865951
-1.3973595
-3.2052909
-3.157941
-2.9611455
-2.5840671
-2.4665299
-2.313792
-2.1881572
-2.0526093
-2.09245
-1.9422396
-2.0389832
-1.7503537
-1.8513981
-1.9669461
-1.9427047
-1.7117273
-2.751339
-2.5346433
-2.8147517
-3.0456934
-2.9110737
-2.5375871
-2.921292
-2.8208462
-3.0466441
-3.3297096
-3.152652
-3.1936731
-3.3353792
-3.146162
-3.1071572
-3.3359785
-2.1390682
-2.3342759
-2.1231259
-3.0651231
-2.334614
-3.1621643
-3.3022288
-3.4540196
-3.3500903
-3.3311362
-3.4351154
-3.9313006
-3.7391555
-4.0864616
-4.1626893
-4.2426837
-4.2006297
-4.0942463
-4.0279029
-2.4457994
-2.3511114
-2.7984928
-1.8889866
-2.049271
-2.8870642
-2.4413667
-2.2202376
-2.0877913
-2.2655134
-2.2153
-2.0803535
-2.0804608
-2.073171
-2.0036638
-1.8840495
-1.9703704
-1.9200579
-1.8613937
-1.7356218
-1.7811919
-1.7917361
-1.7554112
-1.7018873
-1.8498179
-1.8248765
-1.8642857
-1.7878566
-1.8090723
-1.782052
-1.9331614
-2.0812081
-2.1708754
-2.1616571
-2.2227598
-2.1490427
-2.1490427
-2.2343632
-1.7009049
-1.6801031
-1.7492633
-2.0618657
-1.8981062
-2.0136931
-1.7632787
-2.346236
-2.2193816
-2.3491255
-2.1045292
-2.2137694
-2.3361227
-2.3933336
-3.2088747
-3.3256811
-3.3805561
-3.7059917
-3.234166
-3.3471153
-4.2289313
-4.2141958
-4.1652864
-3.9178951
-4.0585104
-3.8696687
-3.9828441
-3.7542118
-3.5439642
-3.3960617
-3.3426059
-2.9593186
-3.1319792
-2.8710233
-2.5410303
-2.5694612
-2.7059255
-2.6730248
-2.6574991
-2.6614364
-2.6535192
-3.0754034
-2.92658
-2.5712242
-3.3184339
-3.0282261
-2.9721307
-2.7913213
-2.760646
-4.2354837
-3.857245
-3.9576327
-2.9471328
-3.3464122
-2.6429178
-2.4908943
-2.4846947
-2.2851858
-1.7602436
-2.368338
-6.5721029
-2.5418149
-2.0620557
-1.9210993
-1.4279821
-1.5120191
-1.3940695
-1.2275627
-1.0395911
-1.029041
-1.0875434
-0.94392258
-0.93744175
-1.0295807
-0.92481277
-1.0837547
-1.1985994
-1.8781562
-2.1736572
-1.9397686
-0.9465642
-2.089623
-2.2954899
-1.8288764
-1.8994068
-1.9443191
-1.9969234
-2.0116844
-2.3581022
-2.4353767
-2.7089449
-2.1683987
-2.3196315
-3.4851026
-3.4373706
-3.4248985
-3.4391667
-3.1199574
-3.3393812
-3.4032679
-2.7389596
-3.0043979
-1.4890926
-2.3036514
-2.0551925
-2.3170868
-2.0035258
-1.6749705
-1.0059959
-2.3269413
-2.3824669
-2.2228262
-2.3239707
-3.1559488
-3.1727845
-2.9371917
-3.1241205
-3.1896927
-1.9477837
-1.9676354
-2.4745365
-1.9360206
-2.0848725
-2.488506
-2.4854837
-2.3145617
-2.1809492
-1.9498286
-1.1477846
-1.1444951
-1.420284
-1.5961822
-1.974542
-2.3958791
-4.3512561
-4.3796137
-4.2446576
-4.0762647
-2.1726716
-2.0786829
-1.9894747
-1.9792628
-2.1196569
-2.3162515
-2.2600248
-2.3928064
-2.4133676
-2.2327284
-2.2245536
-2.3239184
-2.6964175
-2.7350125
-2.6948361
-2.3750519
-2.1840053
-2.1733498
-2.1166948
-1.9999642
-3.2728381
-3.2474074
-3.228571
-3.2874005
-3.0636525
-3.0108119
-3.0860678
-3.0050824
-2.9636525
-2.9716056
-2.7810382
-2.6138806
-2.6802667
-2.6382911
-2.7697984
-2.9097517
-3.1232903
-3.259883
-3.2229414
-2.631365
-2.9800506
-2.6433603
-3.2457766
-3.0068021
-3.1155917
-2.937977
-2.4825969
-2.1376274
-2.0545675
-2.3947232
-2.7175627
-2.7011009
-2.8833283
-2.719351
-2.7993403
-3.0615807
-3.3949897
-3.7949849
-3.8204702
-3.7779958
-3.6622054
-3.1817728
-2.8168877
-2.2182779
-2.321462
-2.439047
-2.4570084
-2.879496
-2.7227471
-2.799397
-2.4930111
-2.5997633
-0.41518626
-0.28154211
-0.73231842
-0.79584528
-1.36741
-2.1923313
-2.1495635
-2.0048252
-1.7992587
-0.97393944
-2.7707153
-2.7704148
-2.6307939
-2.2046787
-1.7670368
-2.5068518
-2.6488141
-2.6638046
-2.6211422
-2.8569816
-3.0186105
-2.8707166
-2.7164745
-3.6383952
-3.6401008
-3.6763699
-3.8103737
-4.0726755
-3.9457208
-3.9317526
-3.5700295
-2.5354241
-2.5504538
-2.4384674
-2.4106664
-2.2120534
-1.9102631
-1.8259985
-1.7267909
-1.8051027
-1.8778991
-1.8273621
-1.8813771
-2.3985559
-2.3527647
-1.7130362
-1.5170711
-2.05626
-2.4348973
-2.433587
-2.814346
-3.2485494
-3.6787487
-2.1361098
-3.9332961
-4.1063746
-4.2303473
-4.1768302
-4.110986
-4.1070894
-4.0065006
-3.8054191
-2.6653296
-2.6149285
-2.7973647
-2.8108501
-2.9355513
-2.8156717
-2.8480848
-3.0690345
-3.1073895
-3.1393672
-3.3334639
-3.3970933
-3.5505492
-3.8790731
-3.7226359
-2.9613909
-2.6819629
-2.6037789
-2.4923543
-1.8898662
-1.4980199
-1.1459626
-1.297362
-1.3984869
-1.2660304
-1.4156064
-1.4164016
-1.9273231
-0.89603093
-0.91145798
-1.8907751
-1.8212382
-1.7982707
-1.7825644
-1.8208667
-1.8466757
-1.9940934
-2.111159
-2.0941984
-2.1074761
-2.117715
-2.0935236
-1.9046725
-1.9038035
-2.7995235
-2.5186427
-2.3608862
-2.3380059
-2.2725913
-2.2581056
-2.0968152
-2.8491077
-2.8657909
-2.9642373
-2.8803951
-2.6803977
-2.9766354
-2.9310421
-2.2118212
-2.1658012
-2.4154207
-3.3084094
-3.0522443
-3.4021429
-3.3889711
-3.2656712
-3.4865393
-3.4201764
-3.3124219
-3.4020222
-3.3521964
-3.168519
-3.4413653
-3.7019605
-3.7254393
-3.7015082
-3.5362547
-2.3125986
-2.5019268
-2.6573787
-2.7848225
-2.7337074
-2.8057838
-3.0068682
-1.0198177
-1.1817401
-2.0522844
-1.5547191
-1.5408327
-1.7592174
-1.3516181
-1.1067222
-2.3272736
-2.360989
-2.2158887
-1.9922385
-2.0673448
-2.4159657
-2.5445233
-3.0053742
-2.9274256
-3.1911595
-3.2919425
-3.3908083
-3.4223939
-3.3564439
-2.8816314
-2.6863849
-3.016931
-2.8693083
-2.7169234
-1.8304636
-1.8612897
-1.8409305
-1.76204
-1.8051447
-1.7459377
-1.7768843
-1.8067372
-3.016254
-2.7443908
-2.5795366
-2.5371033
-2.3998919
-2.4569919
-2.1076659
-2.2817056
-1.9185991
-1.5495581
-2.0468713
-3.0362393
-3.3366237
-3.3781839
-2.1441057
-2.3495602
-2.5207754
-2.2680256
-2.4191439
-2.2650212
-2.5536184
-2.5953014
-2.7430089
-2.981778
-3.1705149
-4.3425247
-4.2103539
-4.1927535
-4.3029323
-4.1675036
-4.0169073
-3.7169128
-3.1468833
-1.5985562
-1.5199568
-1.5882395
-1.6152839
-1.7315337
-1.5055446
-2.286393
-2.246376
-2.2867053
-2.2731593
-1.9218919
-1.9712256
-2.0185315
-2.0872353
-2.0084817
-2.2187257
-2.3603161
-2.3262339
-2.4797417
-2.6105088
-2.7723072
-2.8475495
-2.9663362
-2.2064284
-2.2448119
-2.2296535
-2.2539956
-2.268971
-2.1377524
-2.1978871
-2.1356612
-2.3084067
-2.3232326
-2.162884
-2.2947009
-2.3617328
-2.3729894
-2.3316818
-2.325023
-3.0516869
-3.0170064
-2.9560369
-2.6158646
-2.6309567
-2.5517394
-2.4141895
-2.3887194
-2.3576019
-2.2738653
-2.2466433
-2.1578848
-2.1987802
-2.129377
-2.1293678
-2.6363424
-1.8599795
-2.6679431
-1.936419
-2.9417823
-3.2278912
-3.2962804
-3.2488624
-3.2658349
-3.0604312
-3.0882128
-3.0785372
-3.078046
-3.0144824
-3.0125233
-3.1687443
-3.1056481
-3.2509579
-3.2883528
-3.319133
-2.8848259
-2.7658596
-2.9820222
-3.162057
-3.3083305
-3.3028469
-3.2412013
-3.141874
-3.0069684
-3.1359416
-2.9042943
-2.6226496
-2.2707203
-2.1907496
-2.1126521
-2.2257873
-2.4197955
-2.1065772
-2.0161054
-1.934538
-1.8858902
-2.865577
-2.5238723
-2.690421
-2.2685572
-2.0737865
-1.9436811
-2.3379625
-2.0766297
-2.3278771
-1.9016693
-1.8257405
-2.293469
-2.4612888
-2.6207879
-2.775189
-2.5162799
-3.009096
-3.0197722
-3.5996235
-3.4509168
-3.5435751
-3.5023785
-3.6674361
-3.5350646
-3.3305617
-3.224627
-3.0989019
-2.7746371
-2.7284487
-2.987135
-2.7176875
-2.2040994
-2.0157357
-2.3569221
-2.3160905
-1.8541224
-1.6950566
-2.5140128
-2.5484752
-2.4031154
-1.5110323
-1.4522816
-1.5172977
-1.5035538
-1.8134907
-1.9538837
-1.6330963
-1.0258984
-1.4846383
-1.6885991
-1.1856812
-0.25174616
-0.83584358
-0.78376478
-0.86136723
-0.99913053
-2.1810359
-2.2302642
-2.1184667
-2.0434292
-1.9879662
-1.9127235
-1.5225393
-1.6558351
-1.7281908
-1.7583366
-1.4629755
-1.4017362
-1.5337037
-1.5963273
-3.6654062
-3.2872527
-2.9861341
-2.8164019
-2.7386802
-2.4036039
-2.6062701
-2.5544773
-2.3438459
-2.2099959
-2.1957141
-2.3398119
-2.5427601
-2.1747709
-2.1660534
-2.1303858
-2.0809148
-1.9328459
-2.7890787
-2.9192154
-3.1863318
-2.7426998
-2.7940984
-2.9227495
-3.4701871
-3.4503739
-3.6282117
-3.5800408
-3.8317468
-2.5529196
-2.5467869
-2.1374599
-2.6898086
-2.02296
-3.1310212
-2.8834029
-3.4687095
-3.7755789
-3.9735051
-3.7540715
-2.9460049
-3.150663
-3.4509923
-3.5955077
-3.7264746
-3.6183395
-3.9763853
-4.062652
-4.0843364
-4.3411933
-4.3279192
-4.1819691
-4.2263913
-4.268213
-4.197158
-1.8381258
-1.8668732
-2.5213564
-3.0170651
-2.2526423
-2.2858818
-2.2139995
-2.0733921
-1.9144873
-1.9210592
-1.9551399
-1.9842287
-2.038773
-2.1130797
-2.0214979
-1.9736881
-2.1375797
-2.1663225
-2.0320451
-2.1117465
-1.9775595
-1.8686396
-1.8391525
-1.816411
-1.8456505
-1.8226872
-1.7314989
-1.7329179
-1.7508051
-1.7391515
-1.7141633
-1.6186949
-1.7913742
-2.0675675
-1.898356
-1.9289355
-2.0134261
-2.8312748
-1.8777423
-2.3838541
-2.5249896
-2.0849348
-3.090906
-3.331637
-3.4594748
-2.7785216
-3.0301735
-2.2090017
-2.8466598
-3.0814379
-3.2446271
-3.5452529
-2.9451169
-3.1750011
-3.8091831
-4.0267071
-4.0084361
-3.9814594
-3.931351
-3.6871172
-3.7150711
-3.6062589
-3.4520796
-3.9036529
-3.3109093
-3.4176196
-3.3808529
-3.2642299
-3.0024491
-2.9655613
-2.968404
-2.451013
-2.5746096
-2.5930707
-2.6427537
-2.6503439
-2.6950116
-2.7114015
-2.7171217
-2.6585639
-2.6559055
-2.7711412
-2.6627961
-2.1887459
-2.6305984
-2.48354
-2.5128742
-2.5414201
-4.1270713
-3.6294682
-3.6677362
-3.4552633
-3.1402356
-3.2380925
-2.4755684
-2.3475899
-2.1520218
-2.0077537
-2.2604049
-2.2605174
-2.3498308
-2.1193301
-2.1071714
-2.159201
-1.9586605
-1.8476356
-1.6571381
-1.7657815
-1.2337678
-0.98118893
-0.99534712
-1.7248777
-1.8790028
-2.1752311
-2.2508125
-3.1560498
-3.0925218
-3.1352169
-3.1920751
-2.2675094
-2.3064568
-2.0499628
-1.9872075
-2.0602343
-2.7091318
-2.9563661
-3.156361
-2.8096772
-2.5351617
-2.9652948
-3.264521
-3.1935889
-2.1179054
-2.0933859
-1.9930489
-2.154134
-3.7447483
-3.8698124
-3.4277714
-2.8497407
-1.9181705
-1.8017931
-1.8628226
-2.0814176
-2.1903065
-2.0120182
-1.8660732
-3.4266381
-3.39251
-3.636478
-3.2288985
-3.4970478
-1.1538103
-1.5722788
-2.1092199
-3.1551235
-3.1186252
-3.1195188
-1.8437415
-1.5576055
-2.3826573
-2.0967499
-4.422384
-3.850895
-2.0540741
-2.2667179
-2.0431613
-1.8551194
-2.3258096
-2.4023358
-2.3148088
-2.2640702
-2.9709188
-3.1177353
-3.3474415
-3.3304585
-2.4659839
-2.3602059
-3.1054947
-2.5844665
-3.7624202
-3.6291224
-2.5145459
-2.4441495
-2.4554111
-2.377759
-2.7253431
-2.1760149
-2.0447006
-1.7453427
-2.9208229
-3.1076802
-3.1337988
-2.257759
-3.1688973
-3.5127127
-4.1545573
-4.0839844
-3.938369
-2.2514724
-1.737272
-1.8665755
-1.9409157
-2.1900524
-2.1290522
-2.1913298
-2.0155951
-1.6174929
-3.3618789
-3.4951941
-3.0629549
-3.1455289
-4.1328041
-2.6246506
-2.4165904
-6.5841909
-2.3910124
-2.4969706
-1.1389318
-1.9834294
-1.8914509
-2.2972056
-2.4030056
-3.4427484
-3.2723538
-3.3127819
-3.5584666
-3.0427753
-2.2183183
-2.0053671
-2.4412269
-2.0576205
-2.0300937
-1.268117
-4.3531908
-3.9794669
-3.8745907
-2.0210831
-2.1787765
-2.5506519
-2.532047
-2.0200788
-2.0872855
-3.3217605
-2.7580067
-2.7981114
-3.1236837
-3.2334878
-2.6758891
-2.8461663
-2.6095755
-2.7654851
-2.8691053
-2.9789639
-3.2209023
-3.6998262
-3.2853545
-3.4352056
-2.7212897
-2.5485363
-2.1995939
-2.2209039
-0.65953228
-1.638371
-3.9437612
-2.4684014
-1.9205803
-1.3386445
-3.0194668
-4.1519742
-3.0636609
-2.9125004
-2.7947436
-2.7012035
-2.8901359
-2.9335787
-3.246036
-3.1922596
-3.798781
-3.4618915
-3.2049902
-1.6738265
-1.5427842
-6.3897583
-1.3482913
-1.8438878
-2.1854235
-1.7849918
-1.8844763
-2.7124972
-2.8157465
-2.6261903
-2.9120845
-3.4064128
-3.5223402
-3.4160167
-3.57122
-3.5816127
-3.6878936
-2.5154625
-2.787323
-2.9345437
-2.7634429
-1.0874507
-1.4867461
-0.90725113
-1.3348591
-1.9584485
-2.0471771
-2.1388166
-2.222178
-2.2394459
-3.2369183
-3.2868964
-3.4215291
-1.8509484
-1.8268601
-2.2017387
-2.3909018
-3.3391656
-2.4371728
-2.395778
-3.1000994
-4.402033
-4.3765788
-4.1693104
-4.217481
-4.026823
-3.3113595
-2.1830239
-2.2523266
-2.1741447
-1.9244874
-2.0037517
-2.2002628
-2.3187413
-2.8612029
-2.2216181
-2.1972808
-2.227475
-2.2863426
-2.3671929
-2.8470689
-2.8800928
-2.5225182
-2.2033383
-3.2931026
-3.0473006
-2.5875712
-2.910148
-3.316865
-3.2244538
-3.210359
-3.217783
0
-3.1090296
-2.9130066
-3.1427042
-2.7954468
-2.9214027
-3.1622036
-3.0198192
-3.3314935
-3.2579726
-3.1274895
-3.2308456
-2.3211572
-1.904254
-3.1753064
-2.7656873
-2.8056649
-1.9765985
-2.1485479
-1.9997797
-2.3113975
-2.8304562
-2.5990885
-2.689898
-2.9289221
-2.8990862
-3.1483214
-3.502013
-3.6235094
-3.6259933
-3.6328603
-3.8105903
-3.7839136
-3.6547994
-3.7035942
-3.320568
-3.3157668
-3.3643328
-3.1745246
-3.0048237
-2.9032516
-3.0563154
-3.2704141
-3.3353463
-2.2810591
-2.2111872
-2.3945504
-2.3812679
-1.9990303
-1.9289069
-2.5611406
-2.6672804
-0.99111121
-0.47302531
-2.2490831
-2.199491
-2.2140848
-2.2610735
-1.865998
-1.8901314
-1.4078309
-1.5593108
-1.147094
-3.4567855
-3.351005
-2.8973993
-2.2511913
-2.1613372
-2.3303432
-1.9427047
-2.7157807
-2.9785556
-2.0055255
-2.4088178
-2.3991354
-2.8705726
-2.7657616
-3.8699478
-3.247044
-3.353184
-3.2202464
-3.7397391
-4.0974126
-4.2507239
-1.9199175
-2.2480709
-2.3437673
-2.1144521
-1.9860068
-2.2331692
-2.1345414
-2.0107431
-1.9619306
-1.9433583
-1.9764247
-1.8419588
-1.7825933
-1.7888424
-1.7059618
-1.6988824
-1.8064288
-2.1308297
-2.5626338
-2.175971
-2.1476277
-2.8195294
-2.7437006
-2.4370653
-1.7186277
-1.7961904
-2.0240413
-2.9912709
-3.1832893
-2.8067645
-2.4930775
-2.8892327
-3.4890253
-3.6890862
-3.4941598
-3.2745683
-3.3841316
-3.9528327
-4.1591731
-4.0651647
-4.0134014
-3.8542052
-3.812591
-3.5016042
-4.0444139
-3.4941407
-3.2866618
-3.3245899
-3.2318487
-3.2319572
-2.8260874
-2.7807061
-2.899559
-2.6439236
-2.6294211
-2.6709507
-2.7714072
-3.2241441
-2.8269018
-2.7138308
-2.5072606
-3.8162878
-3.7330272
-3.3698059
-2.9171764
-2.4916872
-2.2246249
-2.3419987
-1.9739458
-2.0279415
-1.7061435
-1.1375332
-1.0155336
-1.615
-2.0374728
-2.3879629
-2.3185143
-1.1420897
-4.0513679
-2.0311773
-2.157595
-2.322068
-2.1695127
-2.0978499
-3.3683949
-3.0743936
-3.4751996
-3.0543037
-0.70665154
-2.7460063
-2.7815575
-3.6090816
-3.6678473
-3.7765808
-2.6377831
-2.4832943
-2.45793
-2.4820622
-2.2332496
-2.1302756
-2.4724589
-3.7706336
-3.9790967
-3.0332767
-3.361787
-3.0604711
-2.8352492
-2.6599175
-1.6295723
-1.6100683
-1.8103577
-1.8019215
-1.8808136
-1.9265713
-2.5753273
-3.5451826
-3.5950368
-3.6346278
-2.503537
-2.7306108
-3.0148309
-3.1129112
-1.532575
-0.72546786
-1.5205318
-2.3184269
-2.945033
-1.8383385
-2.8217015
-1.9499156
-2.3776041
-1.8188936
-2.0382177
-2.051898
-2.070524
-2.1600581
-2.1231087
-2.3975463
-2.7653767
-2.3338083
-2.3868959
-3.2090552
-3.2044021
-3.0889456
-2.6430443
-3.2537611
-3.0117292
-3.0903076
-3.0174226
-2.3516962
-2.4606732
-2.3466364
-2.1282829
-2.5333493
-3.8044441
-3.6896818
-3.1756297
-3.2379833
-2.7537687
-2.5818426
-1.7172538
-0.84118092
-0.39550335
-0.24945833
-2.0002906
-1.2763681
-0.85340215
-1.7986828
-2.9798419
-2.8570554
-2.8634652
-3.0455121
-3.1288803
-2.9820056
-2.8483424
-2.693302
-2.8693854
-3.7362407
-3.2775918
-3.8564238
-3.8593796
-3.924308
-3.9995447
-2.2576517
-1.8899636
-1.7625318
-1.7487505
-1.7334124
-2.0167465
-3.0241235
-3.7675941
-4.239047
-4.1620731
-2.7540418
-2.8239131
-2.9536943
-2.469699
-2.4776968
-2.8024849
-2.5742532
-2.5954167
-6.472504
-2.396353
-2.367109
-2.3313981
-6.4499996
-6.5442604
-2.3231273
-1.0493102
-1.972134
-0.89601059
-2.1567643
-2.1105379
-1.9994486
-1.9383063
-2.5399436
-2.5906733
-2.0367214
-3.3135526
-3.2045603
-3.1006859
-3.4709208
-2.6234824
-2.8268266
-3.1723419
-3.1899848
-2.5742221
-2.2744918
-1.9640403
-4.3349502
-4.3410603
-2.2439474
-1.9342138
-2.7800648
-2.7555911
-1.9976109
-2.0031744
-3.1014123
-2.7947802
-2.5059749
-2.5474222
-3.3064402
-2.7438744
-3.7751844
-3.8335322
-3.6818213
-3.6424284
-3.4728868
-3.3331615
-2.3767453
-2.4029892
-2.4685044
-2.7783214
-2.5582389
-0.6981119
-2.0761831
-2.5949992
-2.635473
-2.6386873
-3.0792569
-3.751075
-2.2401287
-1.7716865
-2.3021002
-2.2951871
-2.436517
-3.0720027
-2.2368956
-1.5134325
-1.5102587
-2.9854011
-3.5060916
-3.7976121
-3.9970521
-4.1577803
-4.2059853
-4.1396615
-2.6954262
-2.6895778
-3.2009067
-3.4023282
-3.6907426
-6.487659
-2.482112
-1.8680259
-1.2828749
-1.3536585
-1.1593745
-1.8388898
-1.8261081
-1.7694033
-1.9295076
-2.1046063
-1.920689
-2.1102818
-2.8134329
-2.8905329
-2.6545471
-2.0786087
-3.2902388
-3.3618209
-3.386688
-3.3692832
-3.5359818
-3.3440787
-3.7587071
-2.6100297
-3.5405299
-3.466685
-1.8685315
-2.6544696
-1.6520162
-3.253353
-2.2496619
-2.3049979
-2.8426295
-4.4033075
-4.0793478
-3.8626479
-1.5957619
-2.301966
-2.2663762
-2.731751
-2.1050501
-3.3035062
-2.9902499
-3.3158181
-3.2297588
-3.3006889
-3.3063721
-3.1689048
-1.877576
-1.9261063
-2.6139588
-2.4646089
-2.1431746
-2.1907999
-1.9689015
-2.0492273
-2.4913413
-2.5509266
-3.6823264
-3.7747218
-3.6095693
-3.0047341
-2.9489163
-3.1660654
-2.9145487
-2.6459268
-2.3173073
-2.7005089
-2.6442131
-1.8970459
-1.843857
-1.6738567
-0.43335355
-0.91777393
-2.1109423
-2.0025821
-1.6580314
-1.7979556
-1.6785862
-3.497613
-2.5084094
-2.4363853
-2.1312779
-2.2793734
-2.2338712
-2.1531164
-2.2064289
-1.923295
-3.2593295
-2.6870513
-3.1422532
-3.2629474
-3.5517327
-3.6305637
-4.3012619
-4.2700327
-2.0164463
-1.993443
-1.9635152
-1.963297
-1.998278
-2.0897104
-2.0589806
-1.7256649
-1.7394098
-1.7442289
-1.6054189
-1.7636227
-2.3884914
-3.4162482
-3.6291571
-2.8781453
-2.6819573
-3.2105542
-2.8522015
-3.122571
-3.8145159
-3.8084544
-3.4958175
-3.8742829
-3.8263556
-3.840485
-4.097136
-3.5062308
-3.4425217
-3.1230444
-3.0136316
-2.6333596
-2.6968765
-2.6180317
-2.8496865
-2.7414324
-2.6086006
-2.6550528
-2.3652179
-2.2559001
-4.0919316
-3.9385349
-3.5082316
-2.9499226
-6.2752498
-2.6697789
-2.1077085
-1.8596072
-1.808432
-1.6178358
-2.192776
-3.032332
-3.8177426
-3.6204229
-2.5878627
-1.8577973
-2.0523235
-2.574354
-2.4398292
-2.6929404
-6.5974425
-2.4487751
-2.1210561
-3.5915934
-3.959939
-3.3027457
-2.0669297
-2.0939819
-2.130244
-2.7478687
-3.1700798
-2.2179147
-3.6273223
-0.73084194
-1.0119616
-2.8513352
-2.1297223
-1.989735
-2.9847447
-2.1176574
-1.6731505
0
-3.1014737
-4.0541591
-4.0350425
-3.1494001
-3.0650397
-0.92349055
-6.5590769
-1.9447466
-2.3029617
-3.0809261
-2.1368597
-2.0891618
-3.1166064
-3.3997684
-3.0728684
-1.7702387
-1.767604
-2.2306263
-3.7410316
-3.1125746
-3.1044786
-1.5154256
-1.6019743
-3.0458061
-2.424512
-1.8148196
-1.8655555
-1.9255756
-2.7805249
-2.4056473
-3.1053905
-2.5960043
-2.6638635
-3.3336427
-2.9423904
-3.7424059
-2.0704115
-2.4518503
-3.4636743
-1.7317682
-1.8427588
-2.2215605
-2.8153006
-3.1051548
-2.6523016
-2.65126
-2.7620549
-2.1337035
-2.0750449
-2.1350479
-1.8732856
-3.5002487
-2.316382
-4.1850616
-4.1907622
-2.2177955
-2.8868228
-3.642974
-3.2523252
-2.8710432
-2.2190971
-2.7127558
-2.7456525
-2.8446504
-2.5502429
-2.408699
-2.5628123
-1.7230484
-2.8321923
-1.8234345
-1.808177
-1.8739335
-1.7680165
-1.825633
-1.8891058
-2.7605609
-2.1316582
-2.4508269
-3.568483
-3.4058275
-2.4384746
-2.9742625
-2.4835169
-2.336506
-3.7739735
-3.7011724
-2.1531195
-1.9340238
-1.9464105
-2.5113183
-2.1829567
-2.2625076
-2.3646872
-2.3426735
-2.374011
-2.3449814
-2.2381847
-2.1294785
-2.8733954
-3.216539
-2.3093611
-2.3390784
-3.5614219
-3.4040913
-2.5270711
-2.1465696
-3.6599443
-2.2276653
-2.0493798
-3.2712517
-2.4640852
-1.8470684
-1.8470684
-1.9606262
-1.9032099
-2.0235803
-1.6908103
-2.1236362
-1.868306
-3.1213431
-3.2890746
-3.9616457
-3.6855638
-3.2162745
-3.154403
-3.4753731
-2.6692496
-2.6039509
-2.6332433
-2.6795538
-2.7821799
-3.9188652
-2.007697
-2.0888761
-1.914514
-0.97825964
-2.1539299
-2.1203085
-1.6295157
-3.8584884
-1.9137173
-2.0113894
-2.2323633
-2.2322004
-2.0757835
-4.0552302
-3.2010148
-2.6983171
-4.3069049
-2.2887912
-2.8037884
-2.794244
-3.7058839
-2.4200547
-2.4754271
-3.03859
-4.1613565
-2.229439
-2.3083279
-3.0447512
-2.6354643
-2.8884806
-1.5780558
-0.91306126
-3.8356681
-1.761774
-2.6226147
-3.5761434
-2.6729053
-2.4713029
-1.8666243
-1.1432217
-4.0681103
-3.2880945
-1.8209796
-2.2752858
-2.8996892
-3.1717713
-3.0554296
-3.2538996
-2.4174257
-2.4179098
-0.27916104
-1.0878163
-1.2785915
-2.8267729
-1.9030901
-1.7959518
-1.767781
-1.6352474
-1.5471663
-3.7061178
-3.6796573
-2.9056442
-1.6217112
-1.8521604
-2.1790822
-2.1145637
-3.3158211
-3.2515668
-2.5574436
-3.8295602
-3.7413692
-3.5706804
-2.4113736
-2.3760339
-2.2560567
-2.8788391
-2.7993231
-3.4733355
-3.7674718
-2.8271184
-2.3167512
-1.6308071
-2.2985698
-2.2690163
-2.2879726
-2.268095
-3.1691299
-2.931109
-3.3355072
-3.2703445
-2.4130145
-3.5846237
-2.7072263
-2.5097535
-2.0871033
-1.7347962
-1.9059674
-3.8342618
-3.6081758
-3.9988923
-2.0780264
-2.0318108
-1.8496366
-3.1479923
-2.660574
-4.0569091
-3.7645543
-1.8742551
-0.97829417
-2.157285
0
-2.2605169
0
-2.4162868
-6.9553998
-6.7605871
-6.8162616
-6.9295055
-6.9496344
-6.9572959
-7.0414257
-6.9787362
-7.0719184
-6.7267677
-7.0366214
-7.1248468
-7.0120263
-6.8530965
-6.9848653
-7.0936934
-7.0750567
-6.5996268
-6.6909062
-6.6565353
-6.7240784
-7.0614487
-7.17921
-7.1650662
-6.9895022
-7.0285701
-7.1946674
-6.4617664
-6.7383289
-6.9115984
-7.0600451
-7.1599223
-7.2003883
-7.1255838
-7.2147601
-7.0705564
-7.1672042
-7.2468361
-6.792493
-6.9496738
-6.9971392
-7.2721476
-6.9034961
-6.7481711
-4.9094975
-6.6209445
0
0
0
-4.5959316
0
-4.3083614
-6.9051454
-7.2733209
-7.1638471
-7.147711
-6.4667073
-6.5050926
-6.2232342
-7.0945557
-7.2181248
-7.210791
-7.2446989
-7.3419435
-7.327704
-6.3254707
0
-6.1542416
-6.4597578
-6.5580666
-7.3407517
-6.4931552
-6.1776717
-6.0677054
-6.6399589
-6.2528005
-6.9867157
-5.2507858
-7.187184
-4.5102002
-7.1137262
-7.1768695
-7.1492199
-7.2670011
-7.3368864
-7.3018687
-6.7261504
-6.9957123
-7.306421
-7.3994075
-7.3499342
-6.7969692
-6.8898798
-6.9236913
-7.3564038
-7.4276307
-7.3952814
-6.5282364
-4.5127231
0
0
-4.3197466
-7.3173559
-6.1813947
0
-7.0792942
-7.3350008
-6.1341198
0
-6.3213895
-6.5804679
-6.6961982
0
-4.3923237
-4.3985728
-4.1223216
-4.2361194
-6.4513811
-6.5306103
-7.1132137
-7.1457719
-7.2179982
0
-4.1514332
-4.3978955
-4.4584824
-4.2664098
-4.5373659
-7.2076992
-7.2497191
-7.2931642
-6.8027103
-4.1866507
-4.3206988
-7.3900236
0
0
0
-7.4285741
-7.444575
-7.4160628
-7.4634042
-6.854762
-6.753436
-6.886807
-7.0301925
-7.3547853
-7.3950391
-7.4375143
-7.4575873
-6.2336748
-6.1438758
-6.7805053
-6.8632161
-7.478996
-7.4873623
-7.4701585
-7.4957394
-6.1373164
0
0
0
-6.1367672
-6.1350646
-6.1330797
-6.1768943
-6.1506353
-6.2609019
-6.3207146
-6.1296747
0
-6.3890098
0
-6.1132044
0
-6.1284137
0
-6.1161759
0
0
-6.6322656
-6.7297342
-7.1134788
-7.283136
-7.2067083
-7.4591692
-6.1532583
-6.582302
0
-6.1285319
-6.8485931
-7.0451998
-7.4045522
-7.4573058
-6.953485
-4.0674002
-4.1079131
-7.5000028
-4.0961662
-7.4877613
-4.1011079
-4.0707344
0
-7.4942843
-7.4625419
-7.4945264
-7.4753307
-7.5065224
0
-4.0645199
0
0
0
-4.1055134
0
0
-7.5146243
-7.5143069
-7.490951
-7.50606
-7.5165595
-7.4096637
-7.4040499
-6.2863188
-6.3236891
-6.4023054
-6.5488393
-6.6061879
-6.666161
-6.7863249
-7.134877
-7.2120714
-7.333947
-7.4467254
-6.1823901
-6.2605234
-6.9681014
-7.0714409
-6.2142999
-7.4715734
-7.5139346
-7.506408
-4.0649333
-4.0639084
-4.0648835
-7.5355898
0
0
-7.5346092
-4.0639678
-7.506416
-7.5184477
-7.5237916
-7.5354524
-7.5343609
-7.5276923
-7.5300784
-7.5238789
-6.6488339
-6.9911685
-4.0653141
-6.2912299
-6.3508386
-6.4425444
-6.5026916
-7.0862632
-7.1164238
-7.1630651
-7.5364046
0
-7.1995695
-7.2101864
-7.4660076
-7.4977637
-6.3817847
-7.5387043
0
-7.5365741
0
-6.3582439
-7.5110464
-6.3431627
-7.5459309
-7.5518537
-7.5348119
-7.1951546
-7.1559149
-7.5365633
-7.5486958
-7.536198
-7.5312583
-7.5539111
0
0
0
0
-6.6173915
-6.6185914
-7.1772343
-6.6156283
-7.5394263
-7.5446818
-6.6102329
-7.1923907
-7.1214378
-6.439611
-6.4510988
-6.488359
-7.1772438
-7.515571
-6.405847
-6.4277884
-7.5368591
-7.5289898
-7.5078288
-6.3794725
-6.4148324
-6.4145708
-6.4262791
-6.3925457
-7.5504497
-7.5513233
0
0
-7.5513233
0
-7.5463644
-7.5591375
-7.5595594
-7.5595594
-6.4066578
-7.5548986
0
0
0
0
-7.551841
-7.549095
-7.5509255
-7.5588705
-7.5578412
-6.4279423
-6.496332
-6.613474
-7.5534084
-7.5517208
-7.5523587
-6.4505437
-6.5954864
-6.6134565
-6.4737444
-6.6106112
-6.6024076
-7.5601903
-6.5072446
-6.5659935
-6.508553
0
0
-6.5226074
-6.58841
-6.4937575
-6.4829702
-7.5612378
-7.562875
0
0
0
0
0
-4.4375964
-4.4375964
0
0
0
0
0
0
0
0
0
0
0
0
0
0
0
0
0
0
0
0
0
0
0
0
0
0
0
0
0
0
0
0
0
0
0
0
0
0
0
0
0
0
0
0
0
0
0
0
0
0
0
0
0
0
0
0
0
0
0
0
0
0
0
0
0
0
0
0
0
0
0
0
0
0
0
0
0
0
0
0
0
0
0
0
0
0
0
