-2.5410367
-2.1934475
-2.7714677
-2.8376972
-2.3439952
-2.5409938
-4.0208718
-1.9795329
-0.24636536
-0.60502563
-0.54173947
-3.1204551
-1.6739192
-3.0002141
-3.0496425
-2.9079716
-3.2342188
-3.756068
-2.3436226
-2.9928056
-2.249758
-2.5471013
-2.8883224
-2.1410847
-2.292685
-2.3297922
-2.0502023
-0.96834094
-3.8626367
-1.5456664
-2.8018726
-2.1433416
-1.7336369
-2.1098897
-3.1045227
-3.189535
-2.5232122
-2.158927
-2.6278817
-1.6928681
-1.770056
-1.5458972
-2.2603979
-3.4380683
-1.9703482
-3.0897803
-2.7805335
-3.1306667
-2.8534901
-2.4781406
-2.367696
-3.1358578
-3.2154796
-3.2505274
-2.6383851
-2.9491569
-3.0919961
-2.2095017
-2.2724474
-2.1579465
-2.1259032
-2.7619799
-2.4465974
-2.3170135
-3.2678924
-2.9186965
-3.1626481
-4.0256794
-2.1698579
-2.3036005
-2.4649656
-2.3457196
-2.0914778
-2.7978454
-2.5494335
-2.2679367
-2.8327076
-2.9115197
-2.1219543
-2.2136442
-2.2348982
-2.1539612
-2.1861039
-2.2857399
-1.1854257
-2.2442923
-0.61938424
-0.80748384
-1.6232501
-2.5636492
-1.3609765
-2.3056725
-1.5480346
-2.3218765
-2.0210665
-2.0692182
-2.8337872
-1.4106988
-3.5624977
-3.1630249
-3.9016889
-2.0133278
-2.2093725
-2.1139367
-2.7809379
-2.8914469
-3.4370944
-3.1312678
-2.6212795
-2.6573107
-2.1596154
-2.4910633
-2.0272113
-2.7496769
-2.3241149
-2.3862504
-2.6947659
-2.86432
-2.9714456
-2.4223704
-2.5015228
-2.2365179
-2.1250481
-2.2239104
-2.1432012
-2.2438659
-2.6711599
-0.81381097
-0.56294266
-1.4198527
-2.4090444
-3.5032829
-2.7272259
-2.9496701
-1.5564306
-3.5333243
-3.6291305
-3.8474886
-3.3359051
-1.9592177
-1.2209178
-1.2887052
-2.1018529
-2.3792516
-2.0413442
-2.0144015
-2.0274977
-1.9160967
-3.774475
-4.0663791
-3.0561199
-2.2207224
-2.4991849
-2.8323419
-3.2258794
-2.0852147
-2.3460286
-2.2669607
-2.5736001
-2.8475475
-2.4209816
-2.0991474
-1.8030786
-0.4400023
-0.082440206
-0.71852539
-1.4615034
-2.4780927
-3.898691
-3.2234538
-3.7198931
-0.99872103
-1.9258616
-2.1780349
-2.14688
-3.7371539
-2.6980247
-2.5268452
-2.563041
-2.7234442
-3.0503449
-2.4488838
-2.9528956
-2.7924908
-2.7009411
-2.4762052
-2.9843425
-3.1219686
-2.7680258
-2.814795
-2.5352918
-2.4350866
-2.2340334
-2.361675
-2.6798734
-2.5383106
-2.5494841
-3.0420357
-2.8895673
-3.3238297
-2.2282964
-2.1887494
-2.2981825
-2.338957
-2.2039272
-2.6621773
-2.5648952
-2.608495
-2.4501871
-2.6474915
-2.7235374
-2.7732653
-2.1721159
-2.1425956
-2.1244947
-2.0893003
-2.7254489
-1.9431172
-2.5593508
-0.37879448
-0.43780243
-0.43400974
-2.7556039
-2.2980666
-2.7206878
-1.9267243
-1.592259
-3.8465393
-3.8791813
-4.066329
-1.9462351
-2.0288176
-1.9149405
-2.0200347
-3.0840897
-3.1417639
-3.2664228
-2.6349893
-2.8651775
-2.6797661
-2.8924911
-2.469793
-2.7622061
-2.5428647
-2.8595011
-3.2995352
-3.1490114
-2.8802883
-3.0162225
-2.8807024
-2.4321454
-2.4479693
-2.6916947
-3.0757508
-3.070701
-2.9292896
-2.8080083
-2.2901076
-2.2798332
-2.2273983
-2.3884781
-2.3006377
-2.2087785
-2.3475487
-2.281256
-2.2614021
-2.2783183
-2.1124146
-2.0873904
-2.2163197
-2.4626383
-2.7069066
-1.170793
-1.0454792
-1.8447048
-2.425674
-2.4498409
-2.4935613
-2.5767482
-2.5058369
-3.765201
-3.1313
-3.3727286
-2.3133933
-2.2984734
-1.1639205
-3.5772932
-3.1868276
-3.8797272
-3.8331385
-4.0024083
-3.9600135
-3.9941089
-3.7973001
-2.0974934
-2.0693288
-2.177769
-2.5065314
-2.4397575
-2.7223005
-2.7708717
-3.1250039
-2.1421771
-2.0451782
-2.0066965
-2.5705455
-2.1241895
-2.0326581
-2.0768538
-2.0102338
-3.3220616
-3.560682
-3.5533762
-3.0149331
-2.3169484
-2.2626187
-2.1283324
-2.0116124
0
-1.9657323
-2.6222989
-2.4639535
-2.5833082
-2.9101222
-2.6666259
-2.7897445
-3.2486008
-3.5680272
-2.1404331
-2.1791685
-2.3588717
-2.4342123
-2.5234223
-3.1333166
-2.7713631
-2.4237682
-2.4418981
-2.3945329
-2.2021337
-2.224418
-2.1320476
-2.0274882
-0.40925057
-1.3714267
-0.8813735
-1.4076405
-1.7008173
-1.7535457
-2.1709785
-1.8526364
-1.6480682
-2.2624128
-1.9612484
-3.3083965
-3.5393132
-3.9120004
-4.0399453
-3.9772465
-1.4990644
-1.025159
-1.1577594
-1.1407176
-1.4986984
-1.4270874
-2.1710793
-2.6464971
-3.1549
-3.3849788
-3.9628894
-3.5422738
-2.1604652
-2.7533243
-2.1265808
-2.1135935
-1.7519767
-1.8701584
-1.006578
-2.4557785
-2.511996
-2.6285542
-2.6621609
-3.277196
-2.8834309
-2.6682331
-2.8236392
-1.1276179
-2.0787865
-1.4662414
-1.9966366
-2.4798936
-1.9912468
-2.5752221
-2.9729636
-3.3203913
-2.8893217
-3.2953227
-3.061156
-3.0461142
-2.5720976
-2.477102
-3.199535
-3.0301224
-3.234861
-3.2914554
-2.7037471
-2.8344277
-2.9170851
-3.1527012
-3.0844544
-2.1209922
-2.1525314
-2.1926272
-2.1772312
-2.5137032
-2.1981208
-2.2229304
-2.150204
-2.3960827
-2.333335
-2.4180439
-2.288413
-3.6548059
-3.6548059
-3.2793418
-3.0629793
-2.8125573
-3.5545837
-3.9427199
-3.6523568
-3.8371013
-2.1684322
-2.1987628
-2.1739774
-2.376966
-2.5739373
-2.510378
-2.237299
-2.150739
-2.2108877
-2.1464419
-2.7899686
-2.767035
-2.6633424
-2.3663455
-2.1637939
-2.9137245
-2.8951989
-2.91896
-2.9101598
-2.1465608
-2.1730003
-2.1681835
-2.1567581
-2.2382194
-2.3642043
-2.1961418
-2.2592312
-2.1224575
-2.1218809
-1.5112018
-1.0778165
-1.5544868
-1.6533628
-1.5753469
-1.2350531
-1.4553122
-1.2581155
-0.95641785
-1.8415488
-2.834937
-1.8834857
-1.5268747
-1.4120155
-1.8286495
-1.6999757
-1.8308534
-2.5011079
-3.0047155
-2.3911486
-1.940106
-1.9172246
-2.0605657
-1.6318968
-3.0204942
-2.9131239
-3.279989
-3.7014114
-3.5338063
-1.8968369
-2.0869442
-2.0469249
-2.2209503
-2.0825236
-2.4669307
-2.5709338
-2.3208368
-2.5743239
-2.29452
-2.8936128
-3.1268349
-3.5608536
-3.2227561
-3.2384523
-3.4940891
-3.1641412
-2.9737545
-2.7520734
-2.4630757
-2.1766225
-2.2883952
-2.1581609
-2.1864989
-2.8337373
-2.5796892
-2.5193905
-2.5687354
-2.4836705
-2.2946729
-2.2787518
-2.3268659
-2.515113
-2.8530222
-2.9366349
-2.8960402
-2.846878
-2.9024641
-2.6972264
-2.6820015
-2.5688989
-2.4503613
-2.376022
-2.3075948
-2.1573323
-2.1662088
-2.1961452
-2.2503352
-2.3406784
-2.1780996
-2.2062239
-2.4916307
-2.216734
-2.2021653
-2.1095908
-2.1722004
-2.3615267
-2.5584729
-2.7427052
-2.7697294
-0.59114407
-0.28855825
-0.78226183
-0.63798858
-1.0349996
-2.3516633
-2.1195316
-1.6693446
-0.99712268
-1.8033871
-0.99241561
-2.1203366
-2.4832517
-3.3481227
-3.4320974
-2.9900848
-3.1140125
-2.9136488
-2.183295
-2.8571406
-2.0976916
-1.5627265
-1.3178469
-0.74160048
-2.5820834
-2.8619513
-3.054935
-3.9668014
-3.6797785
-2.8772494
-3.3513474
-3.6556261
-3.4858969
-3.3032977
-3.2525005
-1.747613
-1.2545573
-1.8236139
-1.6696304
-1.8145516
-1.8624552
-2.2444649
-2.1900756
-1.9970432
-2.3173624
-2.37992
-2.8838788
-2.2650942
-2.105268
-2.0907468
-2.0310272
-2.0135517
-2.0020972
-1.8710179
-1.8149204
-4.0380773
-4.1043908
-3.9491635
-3.5177608
-3.0753955
-2.883721
-2.9511497
-2.6720091
-2.7273249
-2.5516624
-2.6372836
-2.0816077
-1.914795
-2.0275145
-2.2688874
-2.5335589
-2.6856431
-2.7179618
-3.5120639
-3.7571662
-1.9904457
-2.0543982
-2.1024135
-2.3965665
-2.4297797
-2.2356139
-2.4068246
-2.6730059
-3.1563735
-3.5102408
-2.4813686
-2.2390101
-2.0490472
-2.2899696
-2.254812
-2.0257891
-2.0109552
-1.9608857
-1.9327836
-1.991515
-0.21002875
-0.21955578
-0.26319315
-0.46477726
-0.94668117
-0.79783392
-0.69789488
-1.4074309
-1.6034155
-1.8913957
-2.4729908
-2.5046721
-3.3629459
-3.2595902
-3.6528358
-3.6389049
-3.130785
-3.389368
-1.098376
-1.0638492
-1.1358129
-1.3360892
-1.0691363
-1.1081017
-5.3827833
-2.1101308
-1.7689233
-2.3122039
-2.5555511
-2.6085692
-4.0711515
-3.8610282
-3.5052381
-3.3166014
-3.2785528
-2.9370814
-2.46696
-2.2939147
-2.6025628
-2.173416
-2.4349914
-2.6089254
-2.7464381
-2.7045128
-2.7337738
-2.7666914
-2.6849162
-2.9013874
-0.76862141
-1.9463862
-2.9444086
-2.5058384
-2.7691424
-3.4042978
-3.2177128
-3.6737087
-3.3475103
-2.6660524
-2.8791843
-2.7594182
-2.8279064
-2.6075536
-2.7669596
-2.6169755
-2.7353923
-2.9445327
-2.7974454
-2.9405525
-3.0883804
-2.2410651
-2.729311
-2.3868663
-2.4453723
-2.6442385
-2.5119666
-2.6830099
-2.7098107
-2.1340391
-2.4869103
-0.24647878
-2.9247614
-2.824983
-1.7466724
-1.9674169
-3.9869724
-4.0555222
-1.9746153
-3.1774159
-3.1986115
-3.2363131
-2.6832907
-2.4923944
-2.5999037
-2.4357292
-2.9197426
-2.8740114
-3.2990914
-3.2644245
-3.191303
-3.1115162
-2.5189737
-2.6629722
-3.0459523
-2.8515137
-2.8538852
-2.182223
-2.1710641
-2.4781326
-2.3345626
-2.4890838
-2.4274343
-2.2911694
-2.1421311
-2.2297002
-2.3531297
-1.7523321
-2.3141937
-2.4236894
-3.7750438
-3.5862551
-3.55295
-2.0587219
-2.1197217
-1.3860737
-3.7066653
-3.6587803
-3.8072132
-3.8980265
-4.0350274
-3.8998927
-3.9121343
-2.1264328
-2.1480799
-2.704367
-2.5730191
-2.7965872
-2.9674542
-2.9658373
-2.0353407
-2.0707545
-2.0977182
-2.1170061
-3.4774079
-3.5435218
-3.1106434
-2.1904399
-2.1966028
-2.0840716
-1.9862192
-2.4851883
-2.0544018
-2.7881487
-2.6610846
-2.7742826
-2.9841567
-3.4170754
-2.1300807
-2.1520972
-2.4211247
-2.4296078
-2.4936294
-2.7523755
-2.6196475
-2.3136178
-2.3952414
-2.1805963
-2.1734711
-0.50918351
-1.3365544
-1.5340901
-1.6928385
-1.7806886
-1.6339208
-1.8516521
-3.5073594
-3.7500342
-3.7279634
-4.0104243
-3.6458026
-3.6865221
-1.5188488
-1.2479266
-1.3066272
-1.3815721
-1.7080433
-1.7315388
-1.6631859
-1.7613229
-1.7895691
-2.7804448
-3.7286458
-3.5897214
-3.3410275
-1.873122
-2.1047121
-1.9807552
-2.0472632
-2.4711776
-3.2254216
-3.114673
-3.0980553
-2.8929206
-1.4477969
-1.8549441
-2.6664581
-2.6813106
-2.8877855
-3.0240665
-3.2415526
-3.1994455
-3.1318548
-2.6625411
-2.4742524
-3.1809381
-3.2041045
-3.2039508
-3.0996488
-3.231126
-3.2070834
-2.5763514
-3.0464029
-3.0441941
-2.9392012
-3.0981485
-3.1948977
-3.0838339
-2.1578057
-2.1171064
-2.1370292
-2.188019
-2.1931319
-2.5713117
-2.4270527
-2.4610369
-2.424979
-2.8096643
-2.2498046
-2.2068159
-2.1790397
-2.1390719
-2.7029421
-2.5477915
-2.6308102
-2.4757137
-2.2331922
-3.4005199
-3.3334734
-3.2574873
-2.9215441
-2.6510195
-3.4391868
-3.19766
-3.712425
-3.408301
-3.5596802
-3.6246577
-2.1711998
-2.1568886
-2.2669669
-2.202405
-2.2770795
-2.4497307
-2.5044394
-2.2307409
-2.176096
-2.2099089
-2.1679844
-2.7597531
-2.672843
-2.3096452
-2.1256027
-2.1529422
-2.4687808
-2.8840446
-2.9268285
-2.9018526
-2.8580271
-2.8442413
-2.1607672
-2.1925545
-2.327561
-2.3125729
-2.2029164
-2.1630302
-2.1147375
-1.9846553
-1.8630706
-1.9079633
-1.6565581
-1.6544648
-0.98588674
-0.90207363
-0.73042307
-0.80046
-0.83674976
-0.83674976
-0.89048982
-0.85572733
-1.1955938
-2.2671129
-1.1284486
-2.0766072
-2.078637
-1.8709907
-2.0736281
-2.084187
-2.1214354
-2.0663641
-2.3676831
-2.3297274
-2.669595
-2.5573233
-2.1304995
-1.9366192
-1.6793063
-5.1280062
-1.8330913
-1.6485504
-3.2460045
-3.5514371
-3.8669492
-3.6882457
-3.7972974
-3.7205225
-3.7644109
-1.9150497
-1.9423964
-2.1208519
-2.1677907
-1.9009765
-2.3918647
-1.8294893
-2.3089534
-2.7170354
-2.7174712
-2.2865726
-2.7590895
-3.3008295
-3.1164388
-3.400674
-3.4340167
-3.4697702
-3.0997431
-2.9337935
-3.0307009
-3.0385869
-3.2010003
-3.3985346
-3.3285097
-2.6436172
-2.7256748
-2.8354909
-2.4451389
-2.5010128
-2.2822946
-2.4524949
-3.1838823
-3.033952
-2.7451354
-2.8120971
-2.711839
-2.6260028
-2.3047776
-2.3766141
-2.6436603
-2.61141
-2.6647456
-2.8132587
-3.1205654
-3.0296074
-2.9687543
-3.0523364
-3.0142371
-2.9831767
-2.9269575
-2.9462786
-2.8022809
-2.603742
-2.5665264
-2.4221043
-2.5905541
-2.3534089
-2.4077061
-2.2288988
-2.3236779
-2.2857991
-2.1897555
-2.2491014
-2.2006124
-2.2003493
-2.206648
-2.2079386
-2.1936004
-2.2065175
-2.337323
-2.5237723
-2.3469496
-2.2486437
-2.2037969
-2.1901998
-2.255301
-2.1668539
-2.1559777
-2.1321463
-2.0931037
-2.1386927
-2.3100249
-2.2210939
-2.4704318
-2.4758785
-2.6333154
-2.7552999
-2.4892365
-2.6479766
-0.60745179
-0.54749751
-1.082238
-0.7786875
-0.99673374
-2.4211821
-2.4164543
-2.364538
-1.912717
-2.194086
-2.3391666
-2.4611556
-2.4284478
-2.629769
-2.7086164
-2.7775601
-2.7699567
-3.406306
-3.2549398
-3.3144202
-2.5563559
-2.6477093
-3.1206563
-3.1464253
-2.916342
-1.9321123
-1.7230578
-1.2681226
-0.97554395
-2.7463724
-2.5802607
-2.3944079
-3.4305533
-2.9348666
-2.6255401
-3.0760782
-2.8705458
-3.3232268
-4.0038343
-4.0413726
-4.0436794
-3.9395994
-3.8289615
-3.7514622
-3.3482308
-3.617728
-3.5885187
-3.6883547
-3.6767318
-3.3851116
-1.8646355
-2.0140245
-1.8901554
-1.9732753
-1.8093133
-2.3125988
-2.2431942
-2.3979173
-2.2655362
-2.0438833
-2.1621948
-3.0343894
-2.8991207
-3.1873533
-3.2085706
-3.3127834
-2.1552342
-2.2058999
-2.033303
-2.1664861
-2.1497298
-2.0695885
-2.0983264
-2.0612461
-2.0954676
-2.0620968
-2.0166498
-2.0195879
-2.0415485
-2.0144875
-2.0169806
-1.8816068
-1.82904
-3.9372131
-3.980016
-3.9060253
-3.3624426
-3.5550671
-3.2970587
-3.2111236
-3.0423008
-3.047053
-2.7547009
-2.5855463
-2.3701422
-2.4356985
-2.4777414
-2.5920289
-1.9041267
-2.359977
-2.3785689
-2.4416441
-2.8601708
-2.918345
-2.5299918
-2.7306278
-2.6255333
-2.9069299
-3.2309786
-3.789938
-3.8870343
-2.0129332
-2.0586655
-2.2146038
-2.2906301
-2.3801919
-2.2513648
-2.2018184
-2.6362799
-2.5512372
-2.3563711
-3.0177613
-3.0099245
-3.357201
-3.455097
-2.4409855
-2.3238369
-2.4060997
-2.3024011
-2.2485096
-2.3334129
-2.2356818
-2.1800079
-2.1865249
-2.1355643
-2.1342737
-1.9605422
-0.13618875
-0.46858069
-0.29633419
-0.78625877
-1.7743823
-0.57725209
-1.1357477
-1.2080877
-1.0756504
-1.5699571
-1.5917637
-1.8320593
-1.8763148
-1.8754896
-2.0935295
-2.7487709
-2.5493418
-2.3173398
-1.5328227
-1.8127619
-3.9262885
-3.3930264
-3.727949
-3.2782451
-3.8725078
-4.0406808
-3.8635507
-3.8869016
-3.7240688
-3.5239149
-3.5598533
-1.1149065
-1.0067277
-1.027216
-1.0031108
-1.579993
-1.2319686
-1.2487767
-1.6019778
-1.4209476
-1.2587261
-1.4753164
-1.5764202
-1.7150478
-2.2950458
-2.9378504
-2.8114923
-3.0475096
-2.8606778
-4.0789572
-4.1323136
-4.1071751
-4.0153108
-3.8527138
-3.9229955
-3.8108632
-3.7791788
-3.1098976
-2.9775904
-3.0399194
-3.0347302
-3.0811874
-3.060325
-3.3010372
-2.6631606
-2.4446807
-2.0506813
-1.8191827
-2.1128555
-2.4313188
-2.5336931
-2.1196504
-2.0847084
-2.2961678
-2.468074
-2.3794582
-2.4851831
-2.5752055
-2.9663987
-2.7468049
-2.6804587
-2.7310928
-2.7252993
-2.7561538
-2.797889
-2.7293976
-2.6229649
-2.5911756
-2.6500315
-2.5083454
-0.24283621
-0.40309394
-1.6595437
-1.9852803
-2.5715232
-2.5480373
-2.1275177
-2.2700543
-2.2866214
-2.7768075
-2.5985188
-2.9716687
-2.6357446
-3.0333255
-3.1780045
-3.6665354
-3.3234055
-3.1780964
-3.1233871
-3.1237702
-3.0164687
-2.9185665
-2.2873486
-2.6183495
-2.3304803
-3.1651915
-2.7148137
-2.9429537
-2.3250844
-2.4839357
-2.6787934
-2.3060944
-2.6521769
-2.4858917
-2.473441
-3.1794728
-3.1007807
-2.9100504
-3.0020442
-3.1764532
-2.1834085
-2.2273889
-2.3098618
-2.7273302
-2.4284894
-2.2453909
-2.6877862
-2.544562
-2.2890551
-2.7925439
-2.1218568
-2.1119865
-2.1628004
-2.0872543
-2.2793794
-2.2167746
-2.4018069
-0.58129184
-0.7844027
-0.66199626
-0.74494893
-2.5149792
-2.501101
-2.5958526
-2.4293279
-2.3215077
-1.9434251
-1.8206486
-3.7371295
-3.9056788
-3.9477364
-3.9765109
-2.050881
-2.9348773
-2.9467698
-3.0680868
-3.2722055
-3.3457596
-2.7949483
-2.9763873
-2.7914442
-2.6747193
-2.3217253
-2.6906932
-2.6497336
-3.2689232
-3.2206837
-3.1650152
-2.969169
-2.869353
-2.8492179
-3.1108299
-3.0916047
-3.0167829
-2.9149879
-2.2592818
-2.292698
-2.2055923
-2.2635928
-2.2643778
-2.2470373
-2.2710746
-2.3732174
-2.4251208
-2.3462924
-2.1705382
-2.1321056
-2.1046237
-2.147863
-2.3486665
-2.3087642
-1.0558269
-1.2562234
-0.74319773
-1.5717828
-2.3808517
-2.4546723
-2.4962787
-2.5968767
-2.5952916
-3.6636508
-3.4916735
-3.4909559
-3.3748595
-3.1529409
-2.8102232
-2.8071842
-2.6108111
-2.2006823
-1.893492
-1.3391368
-1.1543827
-3.175876
-2.8889774
-3.4429558
-3.6966882
-3.5277576
-3.9940219
-4.0320699
-4.042062
-4.0196464
-3.894934
-3.894256
-3.9477084
-3.7913596
-2.0399133
-1.9091555
-2.1264831
-2.4185574
-2.3885871
-2.519741
-2.6877205
-2.535039
-2.885311
-2.0800017
-2.0089759
-2.1378839
-2.0146423
-2.0066133
-2.0403354
-3.6994952
-3.5394409
-3.3084947
-2.27325
-2.3829823
-2.6269149
-2.2445484
-2.528596
-2.8607229
-2.9118424
-2.9476199
-2.8778722
-3.1068421
-3.4055568
-3.3478655
-2.1312887
-2.1724664
-2.2911496
-2.3201418
-2.3892189
-2.4682493
-2.6954032
-2.8358348
-2.9147531
-2.4814643
-2.098563
-2.1361836
-1.3589985
-1.0976556
-1.2116473
-1.456613
-1.6599443
-1.9035645
-2.4160626
-2.4100012
-2.0711791
-2.2571622
-2.932725
-3.08648
-3.469095
-3.8526789
-4.1072621
-4.1263634
-4.1337393
-4.0808786
-3.9278676
-1.5244791
-1.1088432
-1.0863383
-1.3703434
-1.5543762
-1.5823238
-2.238641
-2.5617613
-2.4881392
-2.9864639
-3.4112766
-3.4112439
-3.9178509
-3.5496401
-3.7575063
-3.7368338
-2.4452476
-2.9536489
-2.8439946
-2.3751774
-2.3008742
-2.2023596
-2.2226811
-1.9086811
-2.0144976
-2.3530667
-2.4143801
-2.6186098
-3.1885816
-3.063031
-2.7378149
-2.6596699
-2.6932478
-2.5910103
-0.80453232
-1.4579991
-2.2978196
-1.0884439
-2.1335903
-1.7983612
-2.2012671
-2.3357396
-2.0262553
-2.3403583
-2.4351036
-2.7941359
-2.9939179
-3.1726065
-3.1133669
-3.1220632
-3.0755628
-2.9805567
-3.2449238
-3.2036422
-2.8373697
-2.8778233
-2.6480644
-2.6151044
-2.3794812
-3.1480406
-3.0314914
-3.1502914
-3.1841329
-3.2065732
-2.6574986
-2.6776944
-2.8163651
-2.8960559
-3.0487542
-3.1181516
-2.1245555
-2.3728377
-2.230131
-2.535496
-2.2885769
-2.2098912
-2.2080264
-2.2404073
-2.4509844
-2.5001191
-2.4623686
-3.8123726
-3.711227
-3.6111558
-3.0092353
-2.9597603
-2.9401406
-2.7336084
-3.88912
-3.8865328
-3.8117959
-3.9319772
-3.8998194
-3.7618675
-3.9385291
-3.9432159
-3.8547836
-3.8110341
-2.1554657
-2.1806911
-2.2173148
-2.2233831
-2.3273353
-2.2580697
-2.5485404
-2.7151799
-2.2635707
-2.1330601
-2.2663885
-2.1786918
-2.8922134
-2.9399602
-2.61148
-2.5746818
-2.5406773
-2.4485026
-2.5597123
-2.1113948
-2.2481019
-2.1259488
-2.8666873
-2.9135047
-2.9137065
-2.876572
-2.9246549
-2.1610437
-2.1782066
-2.1944885
-2.2330149
-2.2761592
-2.4361011
-2.0857761
-2.1037217
-0.97075689
-1.3367012
-1.2166862
-3.2508046
-3.4949215
-1.8006874
-1.5826906
-1.7520623
-1.6664707
-2.9986966
-1.6663164
-2.7388475
-2.8371914
-2.9451941
-2.8989149
-2.8253373
-2.1902604
-2.3426705
-2.0968542
-1.7754655
-1.7805699
-2.0509691
-2.8539994
-3.1543426
-3.3668642
-3.5274522
-3.4031936
-3.4768175
-3.3658574
-3.4162579
-3.5413997
-3.2909692
-1.8020997
-1.9827124
-2.1215018
-2.2625296
-2.5352268
-2.6257032
-2.7365414
-2.8983468
-3.0294128
-2.9540464
-3.1340779
-3.3081252
-3.5857416
-3.6760304
-3.2373742
-3.2854886
-3.3504702
-3.2357764
-3.4447037
-3.4791984
-3.5544702
-3.6081466
-3.4277984
-3.229267
-3.0226838
-2.9360673
-2.5107491
-2.3573395
-2.8454081
-2.6332696
-3.0499623
-2.6652483
-2.0151747
-2.5299261
-2.5421191
-2.4100916
-2.6673009
-2.2122364
-2.2586544
-2.3976795
-2.4703547
-2.6078081
-2.7513856
-2.8677359
-2.8669072
-3.0228991
-2.9670866
-2.8860446
-2.7966335
-2.8706307
-2.8487007
-2.7701979
-2.6688822
-2.7469077
-2.567599
-2.4923954
-2.1502002
-2.1977859
-2.1886647
-2.2051321
-2.2320023
-2.2895066
-2.6166759
-2.3650916
-2.3765687
-2.269923
-2.2026838
-2.2142951
-2.1227294
-2.0922671
-2.2708264
-2.40088
-2.5309285
-2.6733441
-2.58838
-2.6999079
-2.7153732
-0.27317191
-0.56722358
-0.16410233
-0.39172973
-0.76817481
-0.57095529
-0.80334099
-0.49250854
-1.0928921
-0.12218443
-2.0800285
-2.0426282
-2.0346828
-1.9240352
-2.11519
-1.8680243
-1.3835162
-0.25595263
-0.30065012
-0.22453197
-1.5598543
-2.0136627
-2.404822
-1.3971916
-2.3620596
-2.534452
-2.7545144
-3.2507533
-3.1526522
-3.2094702
-3.054667
-2.8332856
-3.2084253
-2.8798799
-2.4432746
-2.3335161
-3.4243356
-3.1683447
-2.8095211
-2.6600913
-2.7438838
-2.2832235
-1.8740079
-1.5109025
-1.2109986
-1.6887047
-1.1148553
-1.1047475
-0.89096789
-0.42925343
-1.5459908
-0.2570175
-2.402734
-2.4682107
-2.9004515
-2.4935868
-2.673303
-2.7305933
-2.9576388
-3.9460475
-3.8068935
-3.973963
-3.8725126
-3.68624
-3.1836536
-3.4018087
-3.5446165
-3.6851511
-3.5330992
-3.3303459
-3.2692548
-1.695601
-1.4969174
-1.5292889
-1.4151213
-1.8823279
-1.7242652
-1.5940391
-1.6868963
-1.8354883
-2.1901662
-2.3336925
-2.2769211
-1.9496803
-1.8611005
-2.6089855
-2.9588198
-2.2190115
-2.1154783
-2.1766523
-2.0302878
-2.0151741
-2.0473122
-2.0077502
-1.8888712
-1.9781964
-2.0646973
-1.6992117
-1.7658068
-4.0575437
-4.0504975
-3.9660011
-3.7821804
-3.7339283
-3.6869995
-3.2241687
-3.0513235
-2.9170262
-2.8027294
-2.8491306
-2.4321923
-2.5782238
-2.9263866
-2.1880578
-2.8625831
-2.7505201
-2.4698207
-1.973981
-2.022328
-1.842838
-2.1978775
-2.2142562
-2.3825761
-2.4473055
-2.5531215
-2.8680049
-2.6579274
-2.4607988
-2.6826307
-2.9624728
-3.457214
-3.7797963
-3.6219933
-3.9678912
-3.9429302
-2.0403293
-2.0126453
-2.0491583
-2.2292156
-2.2660486
-2.5597947
-2.2292055
-2.3144331
-2.5369037
-2.2952439
-2.5090638
-2.7195001
-2.9925022
-3.4386738
-3.2396906
-3.4589341
-3.6726467
-3.8171888
-2.5657975
-2.5130846
-2.3961978
-2.1053586
-1.8313919
-2.3812193
-2.394239
-2.2821106
-2.3421581
-2.3507414
-1.8427914
-1.8682812
-1.960142
-1.9284936
-1.9589055
-1.9252337
-1.9348118
-0.2393962
-0.61558069
-1.7371036
-1.096432
-0.65770012
-0.32524321
-0.54553983
-1.7457181
-1.8498014
-1.7273547
-1.9158758
-3.0250187
-2.4289997
-2.3798719
-3.1503844
-2.9107393
-2.5868588
-2.805358
-2.8821191
-2.7091775
-2.4671087
-3.2472239
-3.5658303
-3.8988978
-3.7749141
-3.3709796
-3.1622544
-2.9899415
-3.080052
-1.0590212
-1.1835207
-1.191153
-1.4352223
-1.595777
-1.279779
-1.0776465
-1.1572796
-1.5093267
-2.0293677
-2.345066
-2.5788526
-2.7480962
-2.4269552
-2.8782711
-2.94304
-4.0337441
-4.0077122
-4.0155449
-3.889356
-3.9543657
-3.887339
-3.2623695
-3.558852
-3.0950733
-3.2949049
-2.7334012
-2.6115063
-2.5392075
-2.3106714
-2.2914858
-2.4317289
-2.4418392
-2.7731884
-1.8317555
-2.1949586
-2.3610618
-2.3409481
-2.4637161
-2.64258
-2.7929817
-2.7067751
-2.6713587
-2.657667
-2.8427425
-2.8494746
-2.9273549
-2.8034335
-2.9595978
-2.7491979
-3.0356847
-0.51401927
-1.0812086
-1.1448424
-2.0121214
-1.3761916
-1.7862262
-1.8972198
-2.3035905
-3.0134874
-2.2267329
-2.6864868
-2.3322696
-3.1623296
-3.6523806
-3.8148513
-3.3400558
-3.4492035
-3.5971203
-3.4598801
-3.1922106
-2.6765754
-2.9158784
-2.8385822
-2.9665289
-2.7769112
-2.7150342
-0.27019441
-2.3775948
-3.2806937
-3.0051738
-2.1295393
-3.6824644
-3.6379688
-3.9857196
-3.1926675
-2.8760103
-3.3005466
-3.1634814
-2.8030624
-2.9792077
-0.49974925
-1.6911925
-3.58788
-3.3433032
-3.5200089
-1.8733457
-1.9617194
-1.0037945
-3.1613722
-1.6284892
-3.2244452
-2.165877
-2.2045407
-2.5740809
-2.2805302
-3.4828347
-2.3759244
-2.1773703
-0.87018209
-0.7249788
-1.688352
-1.6498486
-1.8771735
-2.5090926
-2.3858424
-3.5248881
-3.4174922
-3.8677249
-3.9336589
-3.3730422
-2.9799835
-2.7436322
-2.5463461
-2.2437801
-2.287595
-2.1564085
-2.2216122
-2.2795349
-2.2136924
-2.1834927
-2.1831353
-2.4019057
-2.4568619
-2.4518802
-2.3945299
-2.7301053
-3.3250735
-3.3491833
-2.9833218
-2.825583
-1.6689175
-1.3606419
-2.8446274
-3.22311
-4.0601545
-3.9602657
-4.0718104
-4.0684559
-3.8755985
-3.7896245
-3.6957204
-3.5245764
-3.8046707
-3.6488971
-3.613422
-3.4783417
-3.5576491
-3.1193831
-3.2751766
-2.2831449
-1.8785984
-2.1744081
-2.7117683
-3.0758079
-2.2376164
-2.4312003
-2.3910467
-2.0361771
-0.2611343
-0.9307054
-3.8254933
-3.6426993
-3.7409778
-1.8120466
-3.0143087
-3.1653527
-3.3400995
-3.8090243
-3.7672068
-2.8982485
-2.1968317
-2.7307598
-1.9928452
-2.2977208
-3.0367664
-3.1181759
-3.0874075
-3.049878
-2.5035894
-2.8814779
-3.0467568
-2.3244503
-2.6546615
-2.5345329
-2.3800698
-2.5236475
-3.2259612
-3.1666407
-2.7184763
-2.4981164
-2.602105
-1.8101489
-3.7646213
-3.9928214
-2.0071167
-3.1934374
-3.32159
-3.2779539
-3.1584822
-3.0315096
-2.8271178
-2.5713331
-2.4265126
-2.2735529
-2.2046149
-2.1031482
-2.0893736
-2.1103571
-2.1957525
-2.1319922
-2.2118262
-1.373936
-0.95745514
-2.4610418
-2.5022139
-3.5744154
-3.2898017
-2.3575201
-1.3446195
-3.441217
-3.7676633
-3.5484296
-3.8419461
-3.9422575
-4.0227209
-3.9653141
-3.9885356
-3.7305574
-3.0443708
-3.6064138
-3.6586333
-3.6232211
-3.1835588
-3.3921786
-2.0027912
-2.566399
-2.6656257
-1.960081
-2.9316946
-3.0684923
-3.2522549
-3.1989733
-3.5324793
-3.5103111
-2.3314935
-2.6165582
-2.7250266
-1.5504672
-1.7891433
-2.3329852
-3.6067454
-3.7617319
-3.8855953
-4.0091393
-4.0950816
-4.0536726
-3.8889502
-3.8354692
-1.0592092
-1.6766991
-2.7242194
-2.9525841
-3.7219988
-2.2064219
-3.2335944
-3.0683671
-2.9971353
-2.631052
-1.9032813
-2.4960207
-2.8737209
-3.0837867
-3.0718229
-2.789763
-2.8065338
-3.2451172
-2.9592139
-3.1064405
-3.1942072
-3.710735
-3.1898861
-3.2142699
-3.1082952
-3.0224318
-3.0645615
-2.8253911
-3.7075325
-3.8175815
-3.8396415
-3.6805038
-2.2107086
-2.2975321
-2.9392408
-2.1773386
-2.221272
-2.2083142
-2.2399266
-2.0918821
-2.1611966
-1.2394756
-2.1577507
-1.7513341
-0.98941841
-1.425129
-1.1567397
-1.6999393
-0.81870971
-1.0186193
-1.3290718
-2.2559299
-2.5396649
-2.9487623
-3.194628
-1.7563226
-2.2213396
-5.0918668
-3.1851881
-3.7238471
-3.5091929
-3.3074289
-1.996592
-2.1579733
-2.3860922
-3.3232115
-3.3090974
-3.4938156
-3.1603209
-3.527949
-3.6151946
-2.4061903
-3.1659523
-2.2315708
-2.7435773
-2.7617052
-2.3416549
-2.3986951
-2.8237391
-2.1714223
-2.6477923
-2.4318456
-2.285742
-2.1102501
-2.1615671
-2.1759939
-2.2400348
-2.2671546
-2.251527
-2.4610096
-2.4086269
-2.469828
-2.524845
-2.6164448
-3.2257358
-3.1097135
-2.9726711
-3.3736071
-3.3866567
-3.0171436
-2.7011903
-2.7059448
-2.0279642
-3.6333171
-3.6032726
-3.5490679
-2.948082
-2.4457042
-0.3565876
-2.3845315
-3.0585905
-2.7474889
-3.883711
-3.9940299
-3.83999
-3.4615454
-3.8565982
-3.7845448
-3.7971768
-3.4364251
-1.9885509
-2.2145001
-2.3993388
-2.0993409
-2.7168538
-2.5533115
-3.1524311
-3.169446
-2.2511162
-2.0766035
-2.4741771
-2.0674
-1.8352008
-1.8101705
-4.0181192
-3.9365686
-3.7840765
-3.3683403
-2.8194941
-2.6466398
-2.5262333
-2.7658501
-2.1860996
-2.1485645
-2.2190171
-2.2250375
-2.807758
-2.5172571
-2.4821431
-3.3534406
-3.5515022
-3.5914126
-3.7042683
-3.8453772
-4.0203086
-4.0379419
-3.9825182
-2.4658756
-2.5080968
-2.5840425
-2.5840425
-2.8534999
-3.2709018
-2.9891206
-3.343125
-3.5730289
-2.1517868
-2.2552564
-2.183488
-1.9871381
-1.9354029
-1.957363
-0.48859403
-0.13184278
-0.82921843
-0.5902085
-1.3021385
-1.5120074
-1.5105091
-3.0363779
-3.0945567
-1.9377216
-1.3931812
-3.364624
-3.2749544
-3.5134464
-2.9971539
-3.4076644
-3.6127875
-4.0999334
-4.0078818
-3.7933364
-3.3280329
-3.2791733
-1.1500812
-1.1096461
-1.0326244
-1.0273569
-1.8290952
-1.3192034
-1.3659904
-1.4374064
-1.09445
-4.0467235
-3.8829494
-3.8946819
-3.4540755
-3.3811498
-3.2171172
-3.1718584
-2.8768321
-2.9461356
-3.3261797
-3.1562708
-2.8522413
-2.5298642
-5.4258649
-2.1768568
-2.1929994
-5.7079989
-2.3256262
-2.4113429
-2.5382776
-2.6897309
-2.6382367
-2.7467954
-2.7132122
-2.7626392
-2.6571009
-2.8850835
-1.2842041
-1.5624629
-2.2543502
-2.7542409
-3.0962934
-2.0327351
-2.0096471
-2.613345
-2.4258972
-3.1822893
-3.5114826
-3.1921061
-3.3718586
-3.4395505
-3.3789747
-3.499918
-3.3461116
-2.6357942
-2.6445751
-2.796326
-3.0264696
-2.8589386
-2.6419464
-2.9686956
-3.0631292
-2.8122228
-3.3155035
-2.4484513
-2.2648346
-3.6630677
-2.65263
-2.1326807
-2.4064381
-2.535939
-3.9044301
-3.8531774
-1.5630112
-3.4914577
-3.4855309
-2.8119838
-2.5367512
-2.8569372
-3.2326964
-3.0000513
-2.3561517
-3.1667314
-3.1249475
-2.1520871
-2.2126323
-2.5719667
-2.5273409
-2.3284188
-3.1616484
-2.8350692
-2.2776654
-2.4224629
-2.3625382
-2.1289218
-1.0599255
-1.0702889
-0.79968845
-1.9789209
-2.4480091
-1.8702285
-3.1630415
-3.4106615
-3.5580164
-2.2486538
-3.0952181
-3.3373521
-2.7694079
-2.3196084
-2.3072736
-3.0091189
-2.6646834
-2.2981022
-2.8454892
-2.4837013
-2.2966002
-2.1927012
-2.1639138
-2.1145706
-2.3741373
-0.56838918
-2.4375615
-3.2477816
-3.4026476
-2.4207999
-1.9095693
-0.64765963
-3.4258813
-3.0804094
-3.9848783
-3.9320478
-3.6501488
-3.447745
-2.1564255
-3.0602042
-2.054791
-2.0148432
-2.4650675
-2.778279
-2.6968948
-3.9653967
-3.8692894
-2.2763076
-2.5519273
-3.3102866
-3.6558446
-3.6244023
-2.2117018
-2.2492121
-1.7791402
-3.7470675
-3.6648355
-3.5707638
-3.7160902
-3.499031
-3.7938955
-3.6767142
-1.431044
-1.3078167
-1.9954033
-3.8687688
-3.7446653
-3.8239293
-2.2472695
-2.0876529
-2.1797861
-2.2630989
-2.4750496
-2.7544249
-2.7199001
-0.74320628
-2.295464
-2.7152232
-2.9839874
-3.4671407
-3.2185013
-3.246129
-3.159776
-2.6194225
-2.40229
-2.9428463
-2.0926839
-0.5798935
-1.9633633
-3.3253652
-2.7067962
-2.7401335
-3.0457563
-2.2728475
-2.7651495
-2.8395103
-2.3419883
-2.1849064
-2.2450902
-2.1429788
-2.1087052
-2.5521171
-2.4517666
-2.6614965
-2.6873489
-2.7765942
-3.3401072
-4.0111083
-4.0100963
-3.8761428
-3.9155605
-3.755515
-3.6813698
-2.4702761
-2.4661351
-2.4370856
-3.3078558
-2.2812285
-2.32507
-2.0760205
-1.7390196
-3.6759974
-3.7345153
-3.8729868
-4.0885997
-4.1399081
-3.8051979
-2.5054887
-2.0227091
-2.4752296
-2.6901421
-2.5165522
-2.6613983
-2.5276212
-2.3331024
-2.3308815
-2.8867374
-2.5913008
-3.1626214
-2.8586199
-2.9371211
-3.3257917
-3.3210536
-2.2419669
-2.2816699
-2.194821
-3.1047376
-2.2159422
-3.8337022
-3.8472278
-2.5648899
-2.9495462
-2.9361559
-2.1618317
-2.3164064
-1.6757053
-1.6030799
-3.1184582
-2.8714823
-2.5307478
-2.8626211
-2.6641035
-1.9887251
-2.7756077
-3.1325311
-3.4129471
-2.7114763
-2.6156412
-2.8145206
-2.745566
-3.0145389
-3.4670321
-3.6685644
-3.4406882
-3.416327
-3.1732177
-2.2423213
-2.2822157
-2.4849259
-2.8963196
-2.1892786
-2.1955896
-2.2352958
-2.2060838
-2.2036006
-2.1544207
-2.1629513
-2.1356726
-2.1715214
-2.6429892
-0.20550336
-0.38781607
-2.3944522
-2.6955923
-3.1363112
-3.2693079
-3.1363344
-2.9615794
-2.5909042
-3.3546356
-3.153793
-2.7822381
-2.7992365
-1.7959346
-2.4477068
-3.8710919
-3.837149
-3.8688058
-3.6819888
-3.4362641
-3.4804637
-1.6048907
-1.9700284
-1.7843837
-2.4467611
-2.4586918
-1.9404274
-3.9190179
-1.9171232
-2.8071037
-2.4596152
-3.391351
-3.3532979
-2.1614968
-3.1026612
-3.9362875
-0.29005735
-0.29800303
-1.4035606
-0.84045459
-0.67367975
-0.56907449
-0.70349177
-1.7174433
-2.5822984
-3.0791169
-1.7032721
-2.3685056
-3.4207368
-3.2584165
-0.99156617
-1.8878324
-1.7528599
-1.9305129
-1.9448252
-2.2749106
-3.9766343
-3.8038911
-3.705068
-3.385342
-3.6536138
-3.4790767
-3.662031
-3.3675699
-2.7395006
-2.5123794
-2.2180006
-2.2766821
-2.7467503
-2.8114448
-2.7500047
-2.7330875
-2.6058461
-3.662816
-3.8256163
-3.7886903
-3.8278688
-3.4356385
-3.3014947
-3.1548419
-2.4772856
-3.639506
-2.7675411
-3.1922496
-1.8070539
-1.7554361
-1.8682677
-3.8317681
-2.5309399
-3.8943743
-2.5819835
-2.9232839
-2.8643896
-2.2508728
-3.0642377
-1.7093876
-3.3543383
-2.7897222
-2.8674507
-2.8831073
-2.719685
-2.2780603
-2.3710229
-2.1046648
-2.6633089
-2.6409721
-2.6077783
-3.6165213
-3.5537866
-2.618347
-2.3585754
-4.142084
-3.2399853
-2.4154482
-2.7743812
-3.2568178
-3.6924627
-1.8986062
-2.6380045
-2.8309934
-1.9087547
-1.9859611
-2.9684084
-2.2035883
-2.0849924
-2.3864599
-2.4298573
-2.9091439
-1.835019
-3.581257
-1.4907057
-3.544609
-2.1391822
-2.371282
-2.7449517
-2.2812995
-2.6864974
-2.2018343
-4.0349348
-4.0400944
-2.521562
-1.6014385
-2.6597942
-2.7468372
-4.0106771
-2.4520278
-2.6220489
-3.8274993
-2.1139682
-3.0131372
-3.2039811
-3.3131595
-2.4645933
-2.6831558
-2.4894907
-3.8739076
-2.3016089
-1.5126734
-0.98717029
-0.79905016
-2.5990933
-1.0902417
-3.3229162
-1.8703912
-3.5698895
-3.3872744
-2.8689955
-3.3313342
-3.3472901
-3.5831343
-2.3087541
-2.9284587
-2.964013
-1.8372685
-2.3434806
-3.9340801
-3.9236396
-1.8900055
-2.3995068
-2.1168817
-4.0099591
-2.6661135
-2.7619256
-2.8322016
-2.8952547
-2.2089264
-2.5195266
-2.6763394
-2.1822032
-3.0894569
-3.2970339
-1.0266955
-4.0010753
-1.5382498
-3.2434075
-3.5165565
-2.3285483
-2.3082302
-2.5308823
-2.6389075
-2.6952163
-2.7060052
-2.8852225
-3.4732148
-2.1531731
-3.8380314
-2.9893023
-2.7431875
-2.3385855
-1.9121355
-3.2865757
-3.4143383
-3.7586807
-1.3951684
-2.4845962
-3.0049766
-3.8009279
-1.2417549
-2.7269601
-3.5103247
-2.9353954
-2.7202974
-2.7387611
-2.6663261
-3.9486623
-3.4981836
-2.8688702
-2.4672998
-2.298667
-2.0446269
-0.73704272
-3.4531584
-2.7021841
-2.824983
-2.4125096
-3.5464715
-1.9278741
-1.9382047
-1.6877522
-1.9352258
-1.9656191
-3.799849
-2.6604695
-2.5584915
-2.2729805
-2.1705452
-3.4068226
-2.0219765
-2.8808197
-2.2623518
-3.5365618
-3.8378054
-2.7277977
-1.6943293
-3.1800957
-3.0701957
-3.0702432
-2.5337349
-2.1119865
-2.1492282
-2.3270389
-3.6567354
-3.7822153
-0.98070871
-2.6135112
-3.9082577
-3.0484493
-2.9334728
-2.165508
-1.8630793
-1.9377065
-2.041611
-3.5400664
-3.6193344
-2.6170886
-2.6708133
-2.789583
-2.8554481
-2.8830431
-1.0299035
-3.8218375
-1.7076666
-2.8978058
-2.1479481
-2.9526558
-2.4170968
-2.3815937
-2.5233408
-3.7262092
-1.0370817
-1.9274885
-3.6227716
-2.3696332
-2.8877854
-3.8299647
-3.2517124
-6.7839738
-6.8829812
-7.0014043
-7.0528723
-6.5632514
-6.8557266
-6.7147148
-6.9398168
-6.7136305
-6.5285961
-6.6824629
-7.1610103
-7.1547851
-6.3060636
-6.486204
-6.5176553
-6.8406066
-6.8910134
-7.1024227
-7.0702546
-6.9164536
-6.2973506
-6.7649539
-6.833465
-6.7935735
-6.9397506
-7.1880252
-7.1429588
-6.6242015
-6.6606431
-6.8590675
-7.1986185
-6.2935223
-6.504939
-6.8866425
-7.0325313
-7.3281017
-7.1002135
-7.2508926
-7.2134426
-7.0960477
-7.1553452
-7.3017266
-6.44933
-6.2837366
-6.7247159
-6.6380515
-0.07601972
-6.9449586
-7.1635619
-0.076019717
0
-7.4061626
-7.4502029
-6.1249314
-6.0819909
-6.7685866
-7.2180866
-7.3239707
-6.484071
-6.934481
-7.3634424
-7.2673193
-5.9044014
-5.870663
-5.9947894
-6.157181
-6.1482974
-6.0266866
-6.6685289
-6.0727104
-6.8892232
-7.0197256
-7.1830232
-6.0965847
-6.6658796
-7.1015933
-7.2610763
-7.5235923
-6.2138354
-6.5861568
-6.7774912
-7.428861
-7.502902
-7.508378
-5.9403592
-6.3885078
-6.4803883
-0.076019713
-7.2720837
-7.3120224
-7.4746359
-0.076019721
-6.0573617
-7.0938168
-7.4331461
-7.4542802
-5.6166814
-5.4782495
-5.9456257
-6.0974079
-6.9350126
-2.3852952
-0.076019713
-0.07601972
-6.9710021
-7.5785064
-5.7185839
-5.7847579
-6.0554325
-6.0069109
-6.5028463
-6.4666288
-6.7517307
-7.4240029
-7.2050717
-7.5643063
-5.8325322
-5.956615
-6.6657751
-6.7886037
-7.0551238
-7.0048935
-2.3914897
-0.076019713
-2.3766467
0
-7.6441746
-2.3790488
-7.2848809
-7.5063364
-7.5601062
-6.3475207
-7.594665
-7.6502436
-7.5464159
-7.5645915
-7.6503542
-7.6877619
-7.6098346
-5.211348
-5.2219704
0
-5.2391299
-5.3008874
-5.4150172
-5.3824088
-6.7920863
-6.9539003
-7.118081
-7.1129535
-7.3535892
-5.1512377
-5.3699559
-5.4344802
-5.7324598
-5.9067258
-6.0022588
-7.4292928
-7.5225655
-5.2591462
-5.6017742
-5.6471173
-6.1340298
-6.35663
-6.5707379
-7.5994299
-6.9482053
-2.417231
-7.7532802
-2.3766467
-7.7286992
0
-7.7362931
-7.7785848
-7.6862686
-7.7350032
-7.7112133
-7.6679186
-7.7838027
-7.7996004
-5.9568472
-5.2096354
-5.3655832
-5.523545
-5.6265637
-5.7834393
-6.6941168
-6.9046333
-7.1991138
-7.37555
-7.5117487
-5.1379577
-6.4716537
-6.135984
-6.6344925
-7.6019848
-7.6884862
-5.1003824
-5.1581824
-5.1581824
-2.4811568
-2.4755826
-7.8535833
-2.4755826
-7.7494079
-7.7531838
-7.8162693
-6.6086005
-6.5237658
-2.4377261
-7.8145044
0
0
-7.8193372
-7.79621
-2.4547671
-7.8200114
-5.0851252
-5.8382472
-6.0927389
-5.3256718
-5.180175
-5.4561775
-5.6258208
-7.8439223
-7.4176169
-6.4420487
-6.6491572
-6.7685378
-7.8511242
0
-6.8025453
-7.4602385
-6.8616462
-7.5899474
-7.6315913
-7.7061599
-5.1021121
-7.7837972
-5.0686849
-6.4637005
-5.9980841
-6.6606265
-6.6816662
-7.8330597
-7.8007965
-5.0673253
0
-5.0445327
-7.8385422
-7.8045952
-7.834683
-7.8346344
-7.7051283
-7.8308072
-5.8597809
-5.2750917
-5.7273415
-5.7432231
-5.5560317
-5.0720325
-5.1144407
-5.1651736
-5.2254054
-6.6595649
-5.9112532
-5.7127191
0
-6.67453
-7.5867205
-6.7163963
-7.8268899
-5.0879358
-5.0879358
-5.099104
-7.7463716
-6.67453
-7.671266
-6.6951709
0
-7.7085971
-7.7635775
-7.816714
-7.8220387
-5.0476278
-6.6606265
-7.7375517
-7.7758969
-7.8435875
-7.8323331
-5.1956057
-5.160738
-5.1445465
-5.0604954
-7.8408936
-7.7383446
-7.8412227
-5.1210265
-5.6069759
-7.7884195
-7.7037828
-5.4356102
-5.1569727
-5.5889365
-7.7155436
-7.7096806
-5.1745674
-5.3105982
-5.6020415
-5.5248238
-5.175821
-5.1525894
-5.1410584
-5.1391631
-5.331317
-5.2094064
-5.4236543
-7.7093823
-5.3135631
0
0
0
0
