-2.0368235
-1.4045544
-1.5294341
-2.2874305
-2.0560956
-1.5706675
-1.9413607
-3.3110639
-3.4586937
-1.5961923
0.10766271
-0.23069918
-2.1388766
-1.0145948
-1.9710291
-2.129889
-2.8190446
-2.8782936
-2.4640787
-2.0236661
-2.3828706
-2.3943155
-1.557537
-1.690122
-2.2514871
-1.6252017
-1.6205112
-1.6586588
-1.4690632
-1.7077055
-1.6205763
-0.77386984
-3.0325729
-3.0993354
-1.083245
-1.9249978
-1.4560159
-0.86387467
-1.4356622
-2.6383033
-2.4117984
-2.5740682
-2.2139688
-1.7426423
-2.3472046
-1.3998616
-1.4053721
-0.97107402
-2.9528463
-1.2754697
-1.6184261
-2.6518962
-2.3255351
-2.8015735
-2.1632034
-1.9685461
-2.4988613
-2.5772145
-1.7000559
-2.2816712
-1.7095111
-1.4984052
-1.8833137
-1.8971495
-1.704301
-1.6521925
-1.666358
-2.5722229
-2.2092272
-2.2880296
-3.1265527
-1.4066088
-1.5549227
-1.7303793
-2.2468647
-1.7299539
-1.4168748
-2.197131
-1.8432872
-2.1995201
-1.6081853
-2.3911705
-2.4098334
-1.5850273
-1.905371
-1.7011506
-1.3178601
-1.4829906
-1.3207959
-1.7118754
-0.74573639
-0.30548203
-0.24291674
-0.24291674
-1.7082599
-0.30836517
-1.2800123
-1.5603927
-2.2839556
-1.1729424
-1.2431272
-0.41437287
-0.98900617
-1.0501699
-1.1451446
-1.1561104
-1.0626995
-2.1802743
-0.85392756
-2.7196591
-2.6408153
-2.987224
-1.517027
0.00760285
0.10112039
-1.7467492
-1.8549319
-2.3010964
-2.3109932
-2.7891183
-2.3765652
-1.8239278
-2.0829273
-1.4689254
-1.530022
-1.8930719
-1.8903464
-1.3928759
-1.6225986
-2.0564645
-2.3951741
-1.9806611
-1.7708238
-1.5935825
-1.6534
-1.3897938
-1.6621086
-1.8104515
-2.1081811
-0.67778892
-0.27861983
-1.9515125
-1.9613911
-2.8457013
-1.9506665
-2.2657461
-0.89872516
-2.430751
-2.8664967
-2.4532453
-2.6742553
-1.2283427
-0.66326223
-1.3659939
-1.7193035
-1.4064702
-1.3726092
-1.2893856
-3.3089748
-3.1779964
-2.556429
-1.594837
-1.7794201
-2.4653598
-2.6694977
-1.6793728
-1.9948426
-2.0410456
-2.3489037
-1.6562443
-1.6703986
-1.7387064
-1.5287521
-1.8844342
-1.7738138
-0.011485679
0.16119762
0.19564886
-0.32024849
-1.0123968
-1.5900578
-2.9946645
-2.1301855
-2.7676618
-3.0155972
-0.28407208
-0.97948597
-0.79501583
-1.5640885
-1.837829
-2.9713606
-1.9663781
-2.1251285
-2.3181641
-2.3836241
-2.451525
-2.5126685
-2.4749453
-2.1268113
-2.5653563
-2.3527668
-2.5173639
-2.0654252
-2.3419815
-2.6112798
-1.9580242
-2.0314764
-1.7775475
-1.8798011
-1.7432479
-1.8239782
-1.7758124
-1.7613785
-2.3189204
-1.9122111
-2.5317971
-1.4394604
-1.7007892
-1.4858802
-1.8421287
-1.4923498
-1.4110006
-1.4615743
-1.9902426
-1.731562
-2.169762
-1.6237767
-1.5050614
-1.3980014
-1.3118354
-2.0701477
-1.7586462
-1.9977023
-0.099856247
-1.318425
-0.3086675
-1.9262019
-1.7119191
-1.8222639
-1.0606413
-2.9671542
-2.8979342
-3.2889494
-3.4696179
-1.5541338
-1.6205049
-2.5745551
-2.387548
-2.7929742
-2.2134465
-2.3290819
-2.062222
-2.1303074
-1.7986946
-2.0551375
-2.2051876
-1.7006099
-2.1513313
-2.8844809
-2.2800955
-2.3473628
-2.1340806
-1.5164185
-1.5393479
-1.8332284
-2.4233796
-2.3820878
-2.405597
-2.3627296
-2.3036868
-1.710426
-1.5761544
-1.5527372
-1.5628495
-1.5848314
-1.6099789
-1.4541896
-1.4095681
-1.5385768
-1.3425341
-1.8146288
-1.7539626
-1.7249546
-1.6933634
-1.8191007
-1.7037616
-1.9421274
-0.79758863
-1.1356482
-1.0617658
-0.52169105
-1.7062457
-1.8719368
-1.7105789
-1.918979
-1.8973794
-1.708722
-1.9935092
-1.8857027
-2.9247725
-2.2861107
-2.6782291
-1.9959872
-1.9680272
-1.195691
-0.97327276
-2.7826544
-2.5912245
-3.1209284
-3.1424246
-3.1153869
-3.0112787
-1.3835829
-1.3593362
-1.4762105
-1.7352159
-1.6139712
-1.8907214
-1.8888952
-2.1837091
-1.5122086
-1.4218421
-1.4221855
-1.4311257
-1.3887238
-1.3382979
-2.9666239
-2.9255378
-2.5259563
-2.2026845
-1.7959964
-2.4008454
-1.8111947
-1.5463579
-1.8987882
-1.6556115
-1.2585577
-1.5664184
-2.0505775
-2.1472144
-2.3749952
-2.2158981
-2.2690506
-3.0659853
-1.7024727
-1.8324932
-1.9669027
-2.0095575
-2.3062436
-2.5565077
-2.415735
-1.664039
-1.6241948
-1.5546244
-1.6818938
-1.673147
-1.7241441
-0.24627372
-0.87931511
-0.53420178
-1.1723652
-1.4253065
-1.3301287
-1.6746696
-2.4134997
-1.4904476
-1.3472437
-2.1582911
-2.5368505
-2.6512496
-3.2302111
-3.3363589
-3.1088518
-0.89734352
-0.41684529
-0.39367037
-0.48991524
-0.52357322
-1.196645
-1.7973918
-2.1793994
-2.7417147
-3.1816213
-3.0456351
-1.0682115
-1.6048348
-1.6171785
-2.2347428
-1.5610976
-1.4062996
-0.24765101
-2.1558671
-2.0965451
-2.434312
-2.6801326
-2.4360646
-2.401007
-2.2810788
-0.93180506
-1.7252195
-1.3522648
-1.6296121
-2.1656952
-2.1159252
-2.3706591
-2.6196322
-2.4449393
-2.8396271
-2.7039707
-2.697116
-2.1048252
-2.4537351
-2.3672678
-2.6558536
-2.4387722
-2.5839937
-2.7701594
-1.9163386
-2.2893285
-2.049449
-2.2228045
-1.994941
-1.6171867
-1.4702743
-1.5179218
-1.5729195
-1.5332536
-1.9058083
-2.0791795
-1.8486731
-1.6468937
-1.6461077
-2.8787649
-2.7907093
-2.4893051
-2.0079967
-2.7745229
-2.9353633
-2.7780509
-1.4225925
-1.469379
-1.4122023
-1.4596693
-1.5855402
-1.5258072
-1.6529588
-1.8136059
-1.6274962
-1.488239
-1.5091978
-1.4211246
-2.3648402
-2.3393812
-2.2066268
-2.1666243
-2.0417309
-1.8109261
-1.5931654
-2.390385
-2.4581183
-2.4863018
-2.3455024
-1.6752162
-1.8075446
-1.7051266
-1.8402098
-1.9230965
-1.3507194
-1.4273806
-1.2914003
-0.82998745
-1.3742034
-1.4096791
-1.4845159
-0.7270737
-1.2691845
-2.1056431
-0.84259139
-0.86397034
-1.5134017
-1.0355894
-2.3797126
-1.0121498
-0.69164422
-0.81086235
-0.79143039
-0.73985575
-0.58699321
-0.73020522
-1.6851713
-1.5659111
-2.0529126
-1.9297363
-1.6459644
-1.399201
-1.0683375
-1.0951919
-2.4773652
-2.5694822
-2.7721183
-2.8385838
-2.8081991
-1.6224215
-2.1107911
-1.7348424
-1.9287353
-1.642991
-1.795711
-1.5831645
-2.0917938
-2.3761531
-2.5197904
-2.7872476
-2.6894588
-2.5522666
-2.5548909
-2.3246072
-2.1195866
-1.9408002
-1.7020531
-1.7987477
-2.2536116
-2.0136987
-1.8123445
-1.8595235
-1.6009814
-1.3940354
-1.4667024
-1.497722
-1.7847337
-2.2473218
-2.0648077
-2.3814924
-2.3432893
-2.3066626
-2.1765948
-2.1277239
-1.8661909
-1.7228582
-1.6015181
-1.499271
-1.4857913
-1.4157845
-1.7509368
-1.684711
-1.6215159
-1.7244329
-1.6520152
-1.7918057
-2.0243195
-2.1052665
-2.1852979
-0.3863606
0.022325383
-0.78616346
-0.17420057
-0.82625118
-0.13767089
-1.1565201
-1.9561969
-1.6423371
-1.4741275
-1.8023751
-1.6388775
-1.3351467
-1.9041105
-2.0645575
-2.5205095
-2.0257447
-2.14345
-2.1927463
-2.1071252
-1.9228221
-2.2498243
-1.80666
-1.1096721
-0.78569281
-0.63423776
-1.7561358
-2.118026
-2.0286482
-2.8866868
-2.3859037
-2.4019807
-1.9511812
-2.5791588
-2.9134794
-2.7921738
-2.2362723
-1.0285198
-1.0811027
-1.1978292
-1.225228
-1.500822
-1.3961241
-1.1652136
-1.5032367
-1.7723829
-1.5733094
-1.826032
-1.5028592
-1.4637914
-1.4535157
-1.3871432
-1.4332427
-1.3312171
-1.2072804
-3.3542029
-3.39095
-3.2488657
-3.0167617
-2.5118106
-2.2452042
-2.2577142
-1.3345359
-1.1113863
-1.5842228
-2.0234411
-2.0790281
-2.1891362
-3.1955863
-2.9786247
-1.7710694
-1.8234813
-1.6643269
-1.9336422
-2.0250094
-2.6146698
-2.7966211
-1.8409729
-1.6639466
-1.5210382
-1.6707072
-1.5783057
-1.7100184
-1.7198451
-1.6247207
-1.6197119
-1.6251414
-1.7173301
-1.5622645
0.14115162
0.05301484
-0.010420117
-0.19798125
0.050386569
-0.55068939
0
-0.32405814
-0.29295888
-1.2441356
-1.4297931
-1.478029
-1.847916
-1.7314667
-1.7305619
-1.2139644
-1.0734928
-1.1615097
-1.6832818
-2.7027065
-2.4648116
-3.0002355
-2.9826047
-2.1635985
-2.5685864
-0.37893891
-0.40558671
-0.70585635
-0.71545774
-0.32629366
-1.4772869
-1.4772869
-0.45368167
-1.1867702
-1.6469534
-1.8458263
-1.96483
-3.3793443
-2.9684911
-3.443091
-2.8193157
-2.6004973
-2.5799988
-2.3104458
-4.6033149
-1.9042477
-1.8619684
-1.9260013
-1.9404374
-2.1443949
-2.3872027
-2.4830251
-2.4544552
-2.4117761
-2.3225296
-2.500035
-2.1743306
-2.214475
-0.62810157
-1.8865236
-1.8921024
-2.6048463
-2.4411717
-2.9060584
-2.9610923
-2.6945562
-2.7292807
-2.2056466
-2.4097955
-2.1390518
-1.9366102
-1.8434159
-1.9258976
-2.1438636
-1.5987752
-1.450572
-1.5872067
-1.7630383
-1.9258011
-2.1951649
-2.1380176
-2.1523648
-2.2285572
-1.9977914
-1.0234585
-3.1438947
-2.6924534
-2.7674
-1.9058904
-2.1919772
-2.87181
-2.6480984
-2.6958237
-2.4538887
-1.6144576
-2.3020467
-2.2673875
-1.5979062
-1.5479093
-1.6332614
-1.5332594
-1.6164825
-1.8899865
-1.6165373
-1.5100436
-1.7111431
-1.7113842
-1.7200935
-1.1099154
-1.8047688
-1.8265993
-2.9692812
-2.8794232
-2.747608
-3.0660409
-1.4145584
-1.9916663
-1.4309303
-1.4224226
-2.9411399
-1.600922
-1.7070602
-1.4125243
-2.515429
-3.0120335
-1.7584131
-1.8748908
-1.7969595
-2.0625455
-2.0461341
-2.1215789
-1.708319
-1.2114628
-1.3682197
-2.7168864
-2.9613473
-3.2051836
-3.342962
-0.87794379
-0.5857384
-0.64304374
-0.78227951
-0.70336452
-1.6381243
-2.9339372
-3.1730141
-3.1730141
-1.4290494
-0.32249948
-1.4712568
-1.4583937
-2.261378
-2.4298965
-2.4514258
-2.6623719
-2.3823653
-2.3028615
-2.4209747
-2.8836159
-2.2887779
-2.4862217
-2.718594
-2.220316
-2.3922618
-2.2261513
-1.8930178
-1.5379126
-1.5782855
-1.4823021
-1.5898298
-2.7048477
-1.9807552
-1.7775182
-1.696121
-1.5634666
-1.7410674
-1.6939205
-2.5766089
-1.8826041
-2.0128628
-1.9787773
-2.6016514
-2.803933
-1.4103689
-1.6382848
-1.8475612
-2.2517015
-1.4924289
-1.9149107
-2.3151601
-2.0113048
-1.7754831
-1.532147
-2.3687456
-1.7047453
-1.2433833
-0.71548692
-0.6192943
-0.5949056
-0.47220265
-1.9537856
-1.2599072
-1.1784368
-1.1201186
-1.3056859
-1.2309842
-1.0897905
-1.0482737
-4.2556879
-1.09761
-0.89350486
-2.6923986
-3.0724321
-2.914145
-2.8177242
-1.5040454
-1.64699
-1.4967972
-1.7265849
-1.5422953
-1.9676053
-1.9071529
-1.8228947
-1.4567675
-2.1284848
-2.7532082
-2.6303267
-2.750975
-2.7511937
-2.6427945
-1.9501633
-1.982385
-1.730072
-2.4772175
-2.2412944
-2.0463868
-2.1305585
-1.4484689
-1.8426338
-1.67798
-1.7609875
-1.9860864
-2.4114597
-2.3139651
-2.3859796
-2.2251584
-2.2900259
-2.3781435
-1.9462673
-1.8846078
-1.5795
-1.4390472
-1.4389937
-1.7425601
-1.4358556
-1.4881406
-1.6262853
-1.8082048
-1.7106833
-1.6406904
-1.8559116
-1.7936892
-1.7573421
-1.9008182
-0.76129391
-0.97818403
-0.17246613
-1.6793838
-1.6793501
-1.8266699
-1.5359958
-1.764871
-1.5012247
-1.2200546
-1.4402527
-2.228051
-2.5582025
-2.0957098
-2.3041416
-2.4859448
-1.4228172
-1.7391871
-0.84045905
-2.1191125
-1.5670094
-3.0598658
-3.0308672
-3.0126866
-2.700253
-2.5836201
-2.609233
-2.3850054
-2.6447847
-2.7420531
-2.9045421
-2.8589244
-2.7854289
-2.6095593
-1.0347675
-1.0792014
-1.4210761
-1.2934703
-1.1374267
-1.5480163
-1.5247414
-1.5480746
-1.2725485
-1.3168149
-2.1382928
-2.0194776
-2.5162134
-1.4464838
-1.3588406
-1.1329304
-3.38818
-3.3555649
-2.6793005
-3.0012998
-2.0381425
-1.988945
-1.1876291
-1.1469336
-1.1187902
-1.4138149
-1.1628685
-1.9089178
-1.958006
-2.309355
-1.8937225
-1.585579
-2.4509556
-2.2843672
-2.4046827
-2.0067053
-2.2216513
-2.3805861
-2.8078245
-3.2038087
-1.9577608
-1.9654544
-1.8905668
-1.9436693
-2.01517
-2.169213
-2.1522088
-2.5275425
-2.6211943
-2.7574546
-3.0144851
-1.7456526
-1.7652961
-1.7141191
-1.6810755
-1.7296481
-1.7095307
-1.7279914
-1.709146
-1.6026168
-0.14783349
-0.040358473
-0.90345027
-0.67909533
-1.2726068
-1.4829988
-1.5173285
-1.3484464
-3.0238579
-2.3382038
-2.5712952
-3.1487648
-3.2764682
-3.1250874
-2.9095929
-2.8810834
-0.32154587
-0.43424802
-0.58945983
-0.32836478
-0.71475684
-1.0737855
-1.3336974
-1.6217278
-1.4788317
-1.6648049
-2.0174874
-0.63482847
-2.073506
-2.2239289
-1.958227
-0.53564785
-3.4214675
-3.1537112
-3.0606214
-2.8962928
-2.6774095
-2.1116153
-2.5024609
-2.2638953
-2.6104201
-2.0731971
-4.5795127
-1.783271
-4.780286
-1.7767335
-1.7616047
-1.6270707
-1.8625237
-1.9357543
-2.2823805
-2.3024044
-2.5476182
-2.4224138
-2.4084715
-2.3110082
-1.8118698
-2.2376903
-1.8909371
-2.0116771
-2.3472336
-2.3417526
-2.5217464
-2.7797177
-2.6373791
-2.5928433
-2.4474603
-2.2362601
-1.7539283
-1.9871519
-1.7235191
-1.8134232
-1.8381931
-1.7323194
-1.6845714
-2.2700726
-2.1058736
-2.3715147
-1.6365436
-2.254501
-2.0775645
-0.3880701
-0.6669999
-1.4335085
-1.2981666
-1.0375689
-2.8705351
-2.8471298
-3.1634603
-2.6990235
-2.7817182
-2.4148391
-2.5754908
-2.3493501
-2.2280758
-1.8693489
-1.9832091
-1.3894048
-1.978014
-2.7777512
-2.6467402
-1.995318
-1.7083678
-1.6075467
-1.4395647
-1.7456812
-1.9232276
-1.850169
-1.0914233
-0.44579178
-0.32875658
-1.7126651
-1.9224142
-1.7558613
-2.0337765
-3.0106207
-2.8434102
-2.0761149
-2.5497486
-2.200716
-2.4602193
-2.4264498
-3.0704444
-3.1609244
-3.127519
-2.9907536
-3.0720105
-2.9809498
-2.8866377
-1.6928793
-1.8395855
-3.1399964
-1.9110971
-1.7041782
-1.6900901
-1.8643448
-2.0279478
-2.4337826
-2.6280317
-2.8408374
-3.0875369
-1.7861854
-1.9257157
-2.2083498
-2.3823871
-0.98110472
-1.6409497
-1.0488573
-1.2190813
-1.5126642
-1.7489165
-2.1776628
-3.0492394
-3.2649584
-3.1401623
-1.7165443
-0.55795229
-0.39119124
-1.392819
-1.7059035
-2.043328
-2.4660704
-3.0536014
-1.8670509
-1.8239219
-1.7546996
-1.5399249
-1.7490532
-1.7995233
-1.8311321
0
-2.4575726
-2.6607931
-2.2826409
-0.46692869
-1.3492311
-0.73687133
-0.66993246
-1.4873684
-1.9561253
-2.1304198
-2.4094005
-2.5796219
-2.6586574
-2.3320183
-2.500035
-2.4021797
-2.3615119
-2.5853075
-2.9195334
-1.5436762
-1.8224508
-1.7111578
-1.7571541
-1.6716631
-1.6416523
-2.9443795
-2.911162
-2.7688339
-2.129088
-2.8280246
-2.9732591
-3.0266664
-2.9794378
-1.4646142
-1.7494287
-1.6170869
-2.4854986
-1.6961079
-1.5900995
-2.4730412
-2.4569621
-1.7327201
-1.8483638
-1.8942519
-1.9042836
-1.3567208
-0.99762813
-1.4890685
-2.4963912
-0.92378844
-2.1045201
-1.398277
-2.5057735
-2.7901332
-2.5748425
-1.4836073
-2.1568762
-2.7962047
-2.8131247
-2.7851191
-2.5300758
-2.7046868
-2.7489064
-2.7140397
-2.73445
-2.5327022
-1.5097359
-1.5418545
-1.4926823
-1.4595532
-1.9671402
-1.692648
-1.8098523
-1.6269449
-2.3791765
-2.2897623
-2.4077668
-2.3091223
-2.0097077
-1.6658053
-1.4608951
-1.4910469
-1.7214181
-1.6286239
-1.9481624
-2.0467429
-2.1292783
-2.2852399
-2.1740884
-0.1370405
-0.4351155
-1.3971091
-1.6678723
-1.1463659
-1.92793
-1.2596639
-2.1535604
-2.2625728
-2.0922344
-2.0092611
-2.3508964
-2.1001032
-2.3969869
-2.2183687
-1.9218035
-2.6589801
-2.390367
-2.0375817
-0.46414545
-0.41000656
-1.9380777
-2.5654722
-2.1980977
-2.965556
-2.8346479
-2.5232969
-3.1025302
-3.0803981
-2.5333431
-2.5554169
-2.6771004
-2.8235266
-2.7308855
-2.7205296
-0.92020643
-1.1156289
-1.4652864
-1.6932011
-1.3864804
-1.280543
-3.3155372
-3.3627616
-3.2460084
-3.1090164
-3.2546981
-2.7833955
-2.4029275
-2.1809389
-1.6927147
-1.841703
-1.9165225
-1.9971873
-2.9611724
-3.1828881
-2.9661672
-3.2727514
-3.1972821
-2.0892716
-1.3736739
-1.4812674
-1.6871068
-1.7031063
-1.6181566
-1.5091832
-0.79084968
-0.94445945
-1.4638476
-1.9430215
-1.1822322
-0.8776915
-1.4870751
-1.4837882
-3.1986158
-2.5741042
-0.63695073
-0.63117107
-0.89817445
-0.29272698
-1.1882948
-1.5207998
-2.0464551
-3.1802042
-2.9471569
-3.0487179
-2.8295914
-2.524257
-2.9193585
-2.8424236
-2.7812824
-2.05353
-1.78922
-1.9789348
-2.4056129
-2.3700714
-2.4055668
-2.4276911
-2.4229066
-2.3244345
-0.93634468
-1.5802176
-2.1986999
-1.831565
-2.769679
-2.7604007
-2.4279595
-2.1490431
-1.73017
-1.6105005
-1.3753081
-1.3243704
-1.5333498
-2.8350515
-3.0521688
-2.7425501
-2.6682594
-2.720637
-2.1962226
-1.6507936
-1.626763
-2.4047974
-1.4306772
-0.85979671
-1.4026641
-1.3212956
-2.6319928
-1.4077398
-1.787536
-2.0629938
-1.972385
-2.2438268
-2.2801331
-2.5232969
-3.1084197
-3.0103855
-2.9794378
-3.1229795
-1.529277
-1.5895594
-3.2199867
-3.1478799
-2.8926651
-3.0183502
0
-1.2221242
0
-2.4030949
-2.4520872
-2.4513578
-1.8897726
-2.8224126
-1.4347943
-1.7277083
-1.7551056
-1.8436615
-3.1483605
-3.0530795
-3.1025406
-2.5704429
-1.7274983
-2.1250386
-1.9493298
-1.6171408
-2.557684
-2.6835889
-2.3753776
-1.6542387
-2.0354703
-2.511875
-2.8583757
-2.7694187
-1.9846732
-2.8132951
-1.8146253
-1.6158397
-0.56799515
-1.3013854
-1.0417471
-0.41975079
-2.5931505
-2.213083
-1.5707766
-1.5540764
-1.5657131
-2.7638258
-2.7028482
-1.5512673
-2.365332
-2.3383653
-1.4874559
-1.5289561
-1.333654
-1.6339376
-1.5777151
-1.5482147
-1.7117753
-2.8212072
-0.86561204
-2.9676841
-2.6301634
-1.057343
-2.0203993
-1.8820251
-3.354072
-2.2586796
-1.9318962
-2.0485759
-2.4427153
0
-1.6853396
-0.88922816
-2.2034472
-1.9182748
-2.750511
-2.8773776
-2.3005845
-4.4164478
-0.9921589
-3.2450192
-3.3278094
-3.0400937
-2.7522422
-2.6680843
-2.8982155
-2.0325368
-2.0526023
-4.4451045
-2.1921258
-2.0533924
-2.2595533
-2.4194248
-2.4379447
-2.396837
-2.3705623
-2.3645309
0.10370457
-1.8255921
-2.395034
-2.725535
-2.9704818
-2.7198207
-2.4023076
-2.2561895
-1.0099744
-1.5646824
-2.8225116
-1.7540233
-2.9071122
-2.9262993
-3.2352404
-1.4849784
-2.6562145
-2.4128926
-2.7984958
-1.5675689
-1.8156611
-1.7810825
-2.2354389
-2.4786449
-1.5789084
-1.3382456
-1.9468673
-2.5897799
-3.0199687
-2.964376
-1.6156636
-2.8041423
-2.3039976
-2.3108963
-1.6696983
-1.4233895
-1.7389613
-2.4186925
-2.5772562
-3.004982
-2.9403073
-1.0773962
-1.6656246
-2.7883372
-1.5617116
-1.6628184
-1.9034039
-2.8035394
-3.2573258
-3.2950796
-2.4592929
-2.7303991
-2.6184962
-2.3006989
-2.4291936
-1.6953034
-2.1274485
-1.493776
-2.8190112
-2.8305541
-3.02366
-2.5108758
-1.2765041
-1.2765041
-1.1939019
-1.4916414
-2.4696438
-2.8330632
-1.5566757
-2.3097843
-1.7505468
-1.6900113
-1.8704674
-2.2781863
-2.1259452
-1.753119
-2.8787912
-2.123334
-2.1470264
-1.0311087
-1.0483706
-1.092177
-3.3325906
-3.012126
-1.0045248
-2.3578985
-2.1053932
-2.1012994
-2.5494218
-1.5206124
-0.35634777
-0.62478429
-2.4161314
-0.32035244
-1.8209044
-1.8311321
-2.1502727
-1.9843339
-2.4387682
-2.3900671
-2.4124079
-2.4124079
-1.8816581
-2.0847043
-3.0896231
-2.6322792
-2.7119212
-1.7886355
-1.9912179
-1.8614331
-1.7426161
-1.2728848
-0.36616666
-0.36616666
-2.5403832
-2.2087696
-1.9922198
-2.1086249
-2.1196967
-2.341586
-2.0182547
-2.8281034
-1.7756723
-2.9258804
-2.6656164
-2.8538912
-2.887908
-1.5210978
-2.8098115
-4.6722467
-1.6947305
-1.7533309
-1.4688794
-1.5645067
-2.1051318
-2.7309402
-2.6925326
-1.6726086
-2.4984222
-2.0234385
-2.3284912
-1.9849853
-2.8880037
-1.0634816
-3.1835232
-1.9708358
-2.614729
-0.99931396
-2.0851514
-2.0851514
-2.4116607
-2.4495749
-2.8566932
-2.6789925
-0.72704387
-2.7437121
-2.0019857
-3.093427
-3.3763933
-1.6424278
-2.5422236
-2.8122445
-2.6204136
-1.9638987
-1.4384387
-1.9529573
-2.1024382
-2.6760926
-2.4430478
-2.908688
-2.7436041
-1.7344616
-4.2266827
-2.7784467
-2.8464156
-2.7588363
-2.706917
-2.3591526
-1.7686446
-3.2580238
-2.3719747
-2.9731739
-5.176128
-5.0376084
-5.2318375
-5.4147223
-5.3105872
-5.3069299
-5.364546
-5.0376818
-4.9405142
-4.9118398
-5.041908
-5.0408381
-5.2361454
-5.4561774
-5.3621303
-5.2569756
-4.8904345
-5.1285949
-5.1940339
-4.8919
-4.9594508
-5.1259256
-5.2490121
-5.4825544
-5.4993496
-5.4965045
-4.8422364
-5.1984111
-5.4562626
-5.0620534
-5.0956597
-5.535297
-5.6208495
-5.3304661
-5.5755709
-5.4031962
-5.5066265
-5.4654835
-5.1258764
0
0
0
0
-5.4208082
-5.2194301
-5.4284273
-4.4907321
-4.7237183
-4.8471893
-4.8070235
-5.3708068
-5.5607247
-5.4687742
-5.5567174
-5.5335806
0
-5.6447399
-4.5722552
-4.683269
-5.5909649
-5.6195008
-5.1635285
-5.5270253
-5.5287234
-5.6118887
-5.6638584
-5.6481267
-5.687119
-5.0302874
-5.572297
-5.7206063
-5.221729
-5.2723875
-4.3865365
-4.3307582
0
-4.4256485
-5.3080883
-5.405574
-5.5011724
-4.4062265
-4.4819615
-4.6660245
-4.7912987
-4.9430688
-5.5978897
-4.5657355
-5.1134982
-5.2244723
-5.6727419
0
-5.771781
0
-5.6986018
-5.7380028
-5.7536441
-5.730216
-5.7661365
0
-5.764577
-4.941186
-4.4313888
-4.3267422
-4.5313212
-4.7605777
-5.3319926
-5.4611336
-5.6004786
-5.1772715
-5.2689636
-5.6774231
-4.2012145
-4.2352381
2.5951463e-15
2.5951463e-15
-5.7692007
-5.721008
-5.7452005
-5.76241
-5.3105417
2.5951463e-15
-5.762107
-5.7701284
-5.7673675
-4.9835937
-4.493227
-4.69212
-5.5971164
-5.2998061
-4.3292166
-5.232633
-5.1365763
-5.2024019
-4.8889083
-5.6151721
-5.6781256
-5.2612646
0
-5.7142634
0
-5.7580145
-5.7542683
-5.7315371
-5.7480168
-4.2419995
-4.2587048
-5.7651946
-5.7560171
-5.73248
-5.7500918
-5.7474903
-5.749041
-4.4069769
-4.5183819
-4.7976939
-4.6868042
-5.7510886
0
-4.4444597
-5.7472981
-5.7551027
0
-4.6147903
-5.7474903
