-1.983386
-2.5138953
-1.7671137
-2.3475922
-2.1668735
-1.9190255
-2.8688858
-1.4712305
-1.4826147
-1.6159588
-1.1623968
-1.8025923
-1.8931317
-1.9721746
-1.843909
-1.9505209
-1.9741873
-1.658598
-1.8831896
-2.5781593
-2.4191119
-1.7202556
-2.6760449
-2.0786827
-2.7594636
-2.7355399
-2.406008
-1.488182
-2.4496039
-2.0391439
-1.3020247
-0.53561992
-1.1770479
-1.6907515
-2.107097
-1.9849621
-2.3558968
-1.9701132
-3.114915
-1.3609409
-1.3684691
-1.2315028
-2.9572059
-0.54322639
-0.54718516
-2.6001371
-2.1772499
-1.6676758
-1.6199318
-1.6566935
-1.7575888
-1.8564985
-1.771951
-1.6823662
-2.1827567
-1.8994513
-2.3839019
-2.7272981
-2.7034295
-2.2325367
-2.8878449
-2.5216405
-2.8422401
-2.4935571
-2.8896904
-2.0144162
-2.1317718
-2.1153961
-1.0507195
-0.62068187
-2.0526365
-1.9449224
-1.2077924
-2.0520734
-2.0010084
-2.0251419
-1.7319255
-1.9712668
-2.4070663
-2.4641659
-2.1134762
-2.6039683
-2.0726906
-1.6170347
-1.3722135
-1.3753799
-1.4245866
-1.9128808
-1.9124711
-1.298847
-1.2094781
-0.87773279
-2.6237345
-1.4540364
-1.9275938
-2.1640782
-2.1442622
-3.327706
-2.9724604
-2.5166426
-1.2279264
-1.0479688
-0.98419877
-1.5783733
-2.1116871
-2.0588284
-1.8279294
-1.9288307
-2.2329384
-1.7170178
-1.9736234
-1.8429533
-1.9282664
-1.9751614
-2.500009
-2.0091531
-2.0341062
-1.6064969
-2.4512189
-1.4856418
-1.8749544
-2.6570258
-2.7751324
-2.5282797
-2.7625477
-2.2401634
-2.0118163
-1.5823555
-1.8559418
-1.8235121
-1.9564391
-1.671573
-2.4728933
-2.5309904
-2.0578284
-1.8564969
-1.1892792
-0.90500754
-1.6533412
-0.50107291
-0.51066111
-1.0743805
-1.4906098
-0.82839574
-0.84142378
-1.6086904
-2.2148378
-2.1206465
-1.9577783
-2.0297948
-1.8487083
-1.9585059
-2.1777146
-2.7421766
-1.662029
-2.1244414
-2.3700314
-2.5996198
-3.2606058
-1.6450352
-1.5305575
-1.3489797
-1.441254
-1.4377228
-1.7341649
-1.1714563
-1.0096752
-2.7109984
-1.2559197
-2.7317954
-3.4523836
-2.3532099
-2.0759967
-2.1039603
-2.0572819
-1.8526504
-4.613258
-2.4547811
-2.0566152
-1.4348298
-0.74871436
-0.7298516
-0.65771017
-1.7385519
-1.7299755
-1.8235925
-1.8106503
-1.7987843
-1.6620344
-2.095789
-2.0652763
-1.9013653
-2.1337539
-2.2218812
-2.1780466
-2.0015789
-2.7382923
-2.8804209
-2.6554604
-2.4460761
-2.7166013
-2.1442906
-2.1259072
-1.7809771
-1.6128488
-2.067515
-2.0095757
-1.5410909
-1.966487
-2.0645678
-2.0375891
-1.866804
-1.859899
-2.4508152
-2.3156933
-2.3168235
-2.5525451
-2.5100435
-1.7391272
-1.5388339
-1.6012126
-1.7916461
-1.5365971
-1.352295
-1.4324717
-1.7064217
-0.84767024
-1.1245299
-1.1378926
-1.2851478
-1.8623979
-1.9401045
-1.9109341
-3.1397232
-3.1223338
-2.5615347
-1.357707
-1.4060523
-1.5113151
-1.9853405
-1.9404287
-1.7868895
-1.8436513
-1.8563797
-1.9612241
-2.0702471
-2.198775
-1.6576676
-1.7722762
-1.7025141
-1.6766095
-1.7763658
-1.834537
-1.9648232
-2.461418
-2.2337203
-2.2889158
-1.7003033
-1.7391273
-1.7604726
-1.6318039
-1.6297249
-2.6701025
-2.6014983
-2.7667488
-2.5441316
-2.8195193
-2.8221451
-2.7565305
-2.6858277
-2.3169732
-2.2047445
-2.5229529
-2.5650445
-2.7077779
-2.6966235
-2.2285112
-1.9633195
-1.9199904
-2.087013
-2.6802699
-2.1838458
-2.1975269
-2.1217931
-2.4194258
-2.2115862
-2.1391435
-2.5545216
-2.8000977
-2.8702564
-2.5669887
-2.1729136
-1.9181858
-2.067565
-1.9827068
-2.2422021
-2.1140675
-2.208476
-1.8669041
-0.57612776
-0.81445873
-0.41744772
-0.38602899
-0.92403235
-0.68632681
-1.001406
-0.93254339
-1.1377731
-1.9426966
-1.9059128
-1.7754013
-0.76327906
-0.89585698
-0.70264811
-0.72903555
-0.56489782
-0.55298862
-2.1347873
-2.1549913
-2.0849243
-2.0383878
-1.963874
-1.9008017
-1.7982648
-1.8192632
-1.6113313
-1.9310218
-1.9743892
-1.8429841
-2.0989303
-2.0816435
-2.1503794
-2.2220835
-1.8974624
-1.9165198
-2.1074144
-2.459195
-2.8689289
-2.7627738
-2.9747604
-2.5008334
-1.9396235
-1.7111262
-1.8418456
-1.9971951
-1.7616208
-1.6496183
-1.562155
-1.4935921
-1.4951479
-1.4387913
-1.3607043
-1.3580169
-1.3671037
-1.3650107
-1.35834
-1.3769387
-1.9027213
-1.5754637
-1.6778038
-0.92175797
-0.94774502
-0.78297399
-1.0919999
-0.54809092
-1.7419429
-2.0752328
-2.2680176
-2.3103169
-3.2265924
-3.4131678
-3.4514644
-3.1519375
-3.0692448
-1.9940206
-2.1195822
-2.0408826
-2.3314925
-2.1604518
-2.2798932
-2.1676769
-2.6916136
-2.7079639
-2.5704731
-3.0512608
-2.445057
-2.4440817
-2.6210074
-2.0841568
-1.7760697
-1.8919501
-1.3475791
-1.1657383
-1.0575197
-1.2951607
-0.69122682
-0.73114159
-1.2549234
-1.2073645
-1.4153454
-1.6848726
-1.7548929
-1.7003448
-1.7871367
-1.8873132
-1.6748054
-1.6850494
-1.6937051
-1.6481933
-2.3621489
-2.219814
-2.3535436
-1.9868517
-2.0809585
-1.7626981
-2.43755
-2.7078676
-2.5090715
-2.4629425
-2.1386775
-2.0498569
-2.1305301
-2.697436
-2.4434468
-2.8130782
-2.8854659
-2.8656278
-2.4495373
-2.722253
-2.7028047
-2.872537
-1.9673119
-2.0332571
-2.0828632
-2.2438202
-0.55729125
-0.78709806
-1.0376897
-0.59181621
-1.6510715
-1.7760449
-1.5773868
-1.4454424
-0.96160202
-2.1189922
-2.0593804
-2.0783214
-2.0376344
-1.856786
-1.6601953
-1.7847882
-1.8530407
-2.0415649
-2.1705027
-2.336725
-2.3376111
-2.2810882
-2.2432303
-2.1471895
-2.0593433
-2.3626555
-2.1521113
-2.3362438
-2.2443577
-1.5361716
-1.4274618
-1.4051409
-1.3810437
-1.3778879
-2.1002458
-1.6554231
-1.5991277
-1.2339932
-1.213891
-1.250456
-1.2918664
-0.99034128
-0.92073616
-1.8771781
-1.465751
-2.3323962
-2.6034733
-1.9833411
-2.0788297
-2.0881991
-2.2134305
-2.4645353
-3.2471569
-3.3602786
-3.1918203
-3.271486
-2.8503142
-2.4517608
-1.179554
-0.89228653
-1.1078861
-1.2578546
-1.3646943
-1.7182621
-2.2108379
-2.1468604
-2.0392742
-1.9118818
-1.886499
-1.7817656
-1.8345887
-1.8668913
-1.9052475
-1.9780841
-2.0641766
-2.1608448
-2.278772
-1.831959
-1.978869
-1.6614456
-1.8798638
-1.954991
-1.7979505
-1.9705099
-1.9955906
-2.0860536
-2.1337704
-2.4438524
-2.3294242
-2.2290789
-1.9703273
-1.8803162
-1.8429474
-1.7823076
-1.6585566
-1.6496864
-1.6687374
-2.1361824
-1.7073842
-2.2961444
-2.4169318
-1.9734843
-2.4104707
-2.8315542
-2.7251127
-2.5370695
-2.6604578
-2.5650117
-2.2955061
-2.5891314
-2.6695194
-2.738438
-2.3135373
-2.6643455
-2.7832327
-2.6817588
-2.4169812
-2.0329979
-1.7861135
-1.6108923
-1.7141415
-1.6431521
-1.5403471
-2.0874081
-1.7967498
-1.5858947
-1.9444628
-1.8233588
-1.4222318
-1.4011502
-1.2689671
-1.7702194
-2.0867274
-2.3628812
-2.8001684
-2.6689682
-2.3912178
-2.3362187
-2.0567628
-2.1665975
-2.0494086
-1.7120779
-2.0610837
-1.9771087
-1.4086464
-1.5345636
-1.3014218
-1.306096
-1.1613174
-1.6207776
-1.7114112
-1.2655447
-1.0351797
-0.66784533
-0.33297605
-0.40695513
-0.32674184
-0.40410197
-0.71616921
-0.74434022
-1.4099619
-0.83592246
-1.9893222
-1.8094018
-1.4452952
-1.3714775
-1.1158289
-1.3088394
-1.4507959
-1.2474069
-1.3228227
-1.7086915
-2.4291324
-2.4158141
-2.1472659
-2.0461371
-1.9400937
-1.9449275
-1.8660757
-1.872647
-1.8904034
-1.8191065
-2.1660813
-2.019207
-2.0600175
-1.9325343
-2.0323553
-2.2282061
-2.3867433
-2.5405478
-2.9450548
-1.4307406
-1.6503924
-1.6863633
-2.2157747
-2.2427366
-3.0012231
-2.6660948
-3.0351095
-3.2832375
-3.3350059
-3.1402545
-1.6012643
-1.5647724
-1.9457106
-1.4930542
-1.7217896
-1.5832551
-1.4460473
-1.39798
-1.4096778
-1.3188481
-1.5222606
-1.5592976
-1.4730134
-1.3761389
-1.39684
-1.3861404
-1.3093139
-1.2764491
-1.2915134
-1.3624307
-1.7924617
-1.686446
-1.3956144
-1.231229
-1.529084
-2.2455947
-1.8800998
-2.2661684
-1.8124778
-2.1226548
-2.4486827
-2.7831932
-3.0486102
-3.2325867
-3.1375362
-3.0566724
-2.6555737
-2.337008
-2.2404433
-2.1640508
-2.1144323
-2.1382371
-2.0196376
-2.0586357
-1.9881245
-1.9782458
-2.106681
-1.9154124
-1.8302395
-2.0935681
-2.1834012
-2.9022345
-2.2801078
-1.6711201
-1.5350596
-1.2997554
-1.5746316
-1.5410541
-0.49347281
-1.0261436
-0.73950335
-0.63270689
-0.55812237
-0.49631862
-0.48883806
-1.4401505
-1.7906023
-1.7586262
-1.8909196
-1.9036398
-1.7323478
-1.6571934
-1.8498865
-1.9703868
-2.1370245
-2.0149291
-2.4938573
-2.7856125
-2.5842536
-2.2681176
-2.6164594
-2.2148494
-2.0608051
-1.4433574
-2.1798742
-2.0298941
-1.9383074
-2.016663
-1.9720498
-2.5262518
-2.4262512
-2.5479619
-1.6735722
-1.6710896
-1.5755437
-1.3146346
-0.99601457
-0.91124936
-1.0602708
-1.8483012
-1.8524996
-3.0050312
-2.7006605
-1.4780265
-1.9185222
-1.8684606
-1.9192854
-1.8882948
-1.9333876
-2.0023382
-2.0872572
-2.1487539
-1.6498901
-1.6985151
-1.6834535
-1.8709718
-1.7688126
-1.8251608
-1.8934578
-2.3270885
-1.6816761
-2.6900493
-2.6616824
-2.6955982
-2.6624608
-2.7521408
-2.6752273
-2.5882863
-2.2103253
-2.5539599
-2.5876786
-2.6074676
-2.6730064
-2.3589931
-2.1613729
-2.4379061
-2.2751685
-2.7068813
-2.408376
-2.3560061
-2.2888487
-2.5475627
-2.3097299
-2.3480669
-2.5049
-2.5833825
-2.6576382
-2.465229
-2.4038077
-1.9364549
-1.9920155
-2.3332723
-2.2690163
-2.2767246
-2.2229834
-0.51351198
-0.44648697
-0.83223069
-1.2015139
-1.1560065
-0.82389538
-1.8532987
-1.8600916
-2.0934706
-2.059738
-2.0883096
-1.7749898
-1.8448765
-1.7155311
-1.6967636
-1.7908475
-1.8630691
-1.8107032
-2.1297442
-2.142486
-1.9650516
-2.0605757
-2.3470777
-2.6626874
-2.5554186
-2.3446571
-1.8730867
-1.7722543
-1.9768104
-1.7889158
-1.4755588
-1.4609802
-1.3590497
-1.3698907
-1.363632
-1.3653525
-1.3702777
-1.3667986
-1.9217117
-1.7885014
-1.8177236
-0.66842207
-0.77090717
-0.67403155
-1.6449059
-2.1591782
-1.9293506
-3.1071291
-3.4424134
-3.2251712
-3.3180299
-1.9870861
-2.0443274
-2.3714165
-2.4417586
-2.3953112
-2.6716823
-3.0399591
-3.1768676
-2.3198814
-2.1854092
-2.368969
-2.1255223
-2.0371839
-1.9920165
-1.3003128
-1.290023
-1.2062102
-1.5141568
-1.3530078
-1.509243
-1.5476181
-1.6493519
-1.676682
-1.6765994
-1.7857255
-1.7615443
-1.8491367
-1.940154
-1.6706839
-1.7700656
-1.6698775
-1.6451392
-1.6604061
-2.2952006
-1.8552522
-1.910636
-1.7643279
-1.715342
-2.3698882
-2.5643787
-2.4860209
-2.2549547
-2.166448
-2.3476319
-2.2335793
-1.9858081
-2.142365
-2.2838598
-2.8467417
-2.7545603
-2.8600643
-2.849475
-2.8976993
-2.8817606
-2.8813355
-2.8673508
-2.4304719
-2.5808275
-2.6052978
-2.6646189
-2.8522421
-2.835256
-2.8674133
-2.8505812
-1.9936017
-2.0184884
-2.2752258
-2.1732722
-2.3301374
-2.3715603
-0.72745525
-1.6184621
-1.3402821
-1.3316881
-1.8306238
-1.815374
-1.663297
-1.8068719
-1.2490832
-1.252724
-0.94751078
-0.6597164
-0.73285488
-2.1051895
-2.1378932
-2.104466
-2.0976827
-2.0410565
-1.9528641
-1.9066804
-1.656977
-1.6662935
-1.7113223
-1.9684078
-1.9445695
-2.030818
-2.0914236
-2.3431396
-2.3256499
-2.248309
-2.2783034
-2.1764272
-2.2194984
-2.1639316
-2.5505928
-2.4223624
-2.5078838
-2.3990705
-2.4046405
-2.3035034
-2.1222329
-1.5777515
-1.4812147
-1.4972718
-1.4922322
-1.4211451
-1.4039098
-1.3711952
-1.3888648
-2.0628662
-1.8619048
-1.8365963
-1.7452542
-1.3203725
-1.358398
-1.1983372
-1.0505799
-1.123075
-1.0485896
-1.2883597
-1.3602826
-1.9210094
-2.692537
-2.1102335
-1.9429151
-2.0194551
-2.0017284
-2.0244219
-2.1425786
-2.1558431
-2.2455796
-2.3481749
-3.3621343
-3.332544
-3.3186948
-2.7275168
-2.9125357
-2.6358931
-1.1937394
-1.077981
-1.3084656
-1.312042
-1.4681067
-1.5244353
-1.2322877
-1.2884821
-1.7012978
-2.1826202
-2.2114705
-2.0888182
-1.8525039
-1.8576733
-1.8673671
-1.7327215
-1.7740841
-1.780366
-1.8431406
-1.8767717
-1.8778956
-1.9134527
-1.9345203
-1.9527242
-2.1573845
-2.0554697
-2.1319922
-2.4598048
-2.2037383
-1.8365304
-1.8279963
-1.8698895
-1.926765
-1.9393124
-1.6789904
-1.7305895
-1.7699058
-1.9258884
-1.7682918
-1.9101764
-1.98516
-2.0209074
-2.0529732
-2.072287
-2.069721
-2.1458683
-2.1191423
-2.1758833
-2.4361323
-2.5336865
-2.3747075
-2.3357735
-2.1240026
-2.0432191
-1.9325944
-1.9333346
-1.98083
-2.0804653
-1.911888
-1.6229506
-1.6740138
-1.7327765
-1.6241498
-1.6359498
-1.6846077
-1.7891682
-1.7315252
-2.3335468
-2.1269722
-2.4174509
-2.5344315
-2.5540747
-2.5496728
-2.6537335
-2.7476304
-2.7990808
-2.7760185
-2.7636269
-2.823755
-2.8260067
-2.7726782
-2.8535875
-2.5285945
-2.6539901
-2.6274211
-2.7030545
-2.6353046
-2.5555749
-2.3914167
-2.2829972
-2.3934261
-2.4403834
-2.5614774
-2.7334104
-2.6504117
-2.0406638
-2.1600282
-2.7448744
-2.5586421
-2.7006335
-2.7442254
-2.7508817
-2.758587
-2.7507198
-2.6271871
-2.6588634
-2.4194595
-2.1997202
-1.9079471
-1.8069935
-1.8275359
-1.7883161
-1.6497075
-1.5883263
-1.6463877
-2.4144766
-2.3039613
-2.2415927
-1.7305507
-2.0401073
-1.7918988
-1.6761047
-1.748529
-1.8110093
-1.968259
-1.8214819
-1.587206
-2.0651851
-1.5966988
-1.6673159
-2.3091715
-2.2150975
-2.1329708
-2.2430522
-2.3883726
-2.8203716
-2.7896649
-2.8728335
-2.7366774
-2.7940504
-2.7145295
-2.4662071
-2.5152361
-2.3086016
-2.4407859
-2.0742959
-1.9425508
-2.1098554
-2.0714189
-2.0913965
-2.0320433
-1.9236347
-2.0644706
-2.0331239
-2.1080388
-1.9697547
-2.0605971
-1.8488967
-1.6371197
-1.7051994
-1.5227014
-1.4489687
-1.5118405
-1.2897799
-1.3422102
-1.2936439
-1.4335173
-1.0768156
-0.5246014
-0.35875399
-0.86980806
-0.70656634
-1.0176488
-0.52376497
-0.5950903
-0.42970985
-0.52643917
-1.0507271
-0.43549266
-0.47464072
-0.5015883
-0.59812701
-0.78445642
-0.5655305
-1.0939146
-1.0389396
-1.1386556
-1.1684706
-1.9596343
-2.0112782
-1.9941976
-1.8209392
-1.9065912
-1.6700865
-1.590768
-1.4874102
-1.4087193
-1.3676262
-1.2091814
-1.0595943
-0.90814162
-1.0009366
-1.1818887
-1.0228988
-1.2761294
-1.1392399
-0.82913161
-0.96084761
-1.0670808
-0.94128516
-1.4182414
-2.3053973
-2.2735155
-2.2473624
-2.0214809
-2.0098724
-1.996623
-1.9351181
-2.0417125
-2.0053968
-1.8694278
-1.8675224
-1.8587665
-1.8740267
-1.8600215
-1.8706188
-1.7503726
-1.7833672
-1.729043
-1.8757431
-1.7689827
-1.6659758
-2.1264637
-2.2978908
-1.9641913
-1.8999462
-1.9789122
-2.0447606
-1.9899903
-2.0551478
-2.0950083
-2.0354144
-1.8818324
-2.1414889
-2.0631675
-2.1136736
-2.1228512
-2.1715425
-2.2740454
-2.233912
-2.2249109
-2.4085898
-2.3219156
-1.6238159
-1.7357522
-1.7294641
-2.2453668
-2.1522579
-2.355643
-2.7441547
-2.7840604
-2.4381997
-2.5073666
-2.5685643
-2.9934399
-3.0423581
-3.1980038
-3.2345865
-3.2534398
-3.3239608
-3.3280061
-3.3182123
-2.9355706
-3.1583815
-3.1892533
-3.0926724
-3.0614365
-1.8388432
-1.6270646
-1.489134
-1.7564346
-1.634552
-1.4590886
-1.6204438
-2.1109617
-1.9501536
-1.726058
-1.8539735
-1.5608621
-1.6997212
-1.4885868
-1.4574099
-1.4652
-1.6545275
-1.5082054
-1.622746
-1.494239
-2.1248535
-1.4964697
-1.4486204
-1.6275386
-1.5818647
-1.5403666
-1.4728086
-1.4922124
-1.4627821
-1.4515395
-1.4122202
-1.3729703
-1.3761193
-1.3682626
-1.3376095
-1.3180763
-1.34071
-1.3239055
-1.3004728
-1.3394273
-1.513693
-1.5639034
-1.6014784
-1.5831516
-1.4179215
-1.4990702
-0.98940287
-1.0326779
-1.2149593
-1.9089155
-1.4462682
-1.429386
-1.5745981
-1.9613479
-1.7116499
-1.7398014
-1.7739676
-1.9490254
-2.0469778
-2.510262
-2.3548278
-2.6230819
-2.8042581
-2.1873779
-2.6309216
-2.9065446
-3.5222369
-3.4194463
-3.4590797
-3.2420297
-3.228428
-3.0871769
-3.3122871
-2.8883981
-2.5459046
-2.2185465
-2.3359239
-2.2044143
-2.0954905
-2.1046639
-2.0826153
-2.1202903
-2.1262301
-2.1557368
-2.1322431
-2.089122
-2.0679629
-2.0412045
-2.0022729
-1.9729586
-2.2998337
-2.2789075
-2.1316406
-2.150102
-1.8883997
-1.7248152
-2.6534107
-2.4055781
-2.3974987
-2.2599817
-2.30868
-2.3611093
-3.0822673
-3.131285
-2.9777119
-2.936538
-2.2247617
-2.4748961
-2.2085837
-1.9314137
-1.8066637
-1.849568
-1.6716241
-1.7783504
-4.3961543
-4.3916834
-1.7351747
-1.665775
-1.663451
-1.7141812
-4.5158458
-1.7991409
-1.4853978
-1.4188213
-1.366834
-1.0273121
-0.86516287
-0.91007569
-0.97267991
-0.62117019
-0.67407456
-0.67874239
-0.62614716
-0.51978813
-0.46497856
-0.55899891
-1.4059438
-1.3419867
-1.6393886
-1.4034213
-1.5599224
-1.562825
-1.6472801
-1.4586424
-1.6880112
-1.6917962
-1.7187428
-1.8381661
-1.7015254
-2.0576604
-1.8181398
-2.2446133
-2.341617
-2.2544192
-2.0957043
-1.9284627
-1.9159095
-2.8159566
-2.9006363
-2.8235452
-2.7217096
-2.4555693
-2.5749791
-2.6129223
-2.7280069
-2.0725595
-2.0677735
-2.1228954
-2.3224802
-1.1914398
-1.7891157
-1.2037385
-1.8876964
-2.0719046
-1.9416681
-1.8012048
-1.8486913
-1.5444639
-2.0432146
-2.0914969
-2.4400729
-2.368391
-2.424077
-2.3311369
-2.1932924
-2.4949425
-2.4549919
-2.5328169
-2.4898966
-2.5483465
-1.5830003
-1.8842481
-1.8368169
-1.7629249
-1.6390336
-1.5160968
-1.3595128
-0.80394173
-0.8910317
-0.99918758
-1.2533502
-1.9165192
-1.7932046
-3.2710779
-3.2334053
-3.2377879
-2.8314102
-2.578349
-1.2543197
-1.5500184
-2.0004939
-1.9734628
-1.828801
-1.7917406
-1.7944721
-1.8101543
-1.7337077
-1.8691345
-1.8861486
-1.9443801
-1.9956062
-2.0138963
-2.1245662
-2.2076058
-1.7058188
-1.7581263
-1.7371108
-1.6644328
-1.6481583
-1.9587902
-2.0246575
-1.9844714
-2.3816067
-2.2908847
-2.2546161
-2.100514
-1.7885093
-1.7818955
-1.7225826
-1.6562908
-1.6137991
-1.6074948
-1.6305876
-1.6534563
-2.5481217
-2.7020975
-2.7202981
-2.6016895
-2.7914418
-2.7761682
-2.7228135
-2.796551
-2.7660173
-2.7783172
-2.694107
-2.5899649
-2.2551145
-2.3119218
-2.3030127
-2.3458263
-2.415174
-2.5317479
-2.7388616
-2.6404587
-2.765557
-2.7597359
-2.5983013
-2.1546208
-1.921346
-1.991924
-2.0160379
-2.6433829
-2.4348565
-2.4973866
-2.1672535
-2.0260338
-2.0958572
-2.2973066
-2.0695519
-1.991096
-2.3292289
-2.3923264
-2.5122206
-2.5039955
-2.8765941
-2.8923933
-2.8769199
-2.7409545
-2.5748723
-2.4639316
-2.274593
-2.4821538
-2.3148844
-1.9704062
-2.0069582
-2.032229
-2.0505974
-2.2264803
-2.1770036
-2.2206879
-2.0684994
-1.9117211
-2.0973536
-2.0821202
-0.67185157
-0.61787716
-0.44420373
-0.7535372
-0.72964769
-1.1415902
-0.71471968
-0.91266647
-1.9713279
-1.9663245
-1.9434403
-1.8118446
-1.661647
-0.96858724
-0.96578774
-0.49196126
-0.79204014
-0.57419971
-0.5981832
-2.1460789
-2.0926901
-2.1057439
-2.0857899
-1.9581512
-1.9688101
-1.8614339
-1.8447384
-1.6591211
-1.8831176
-2.0345602
-2.0272221
-2.0737835
-2.1440684
-2.168315
-2.2140613
-2.1649026
-2.053031
-2.2339335
-2.4309736
-2.7225096
-2.6063317
-2.7970632
-2.9927103
-3.1697137
-2.9355982
-2.6994978
-2.6522235
-2.0951191
-1.7995728
-1.6233031
-1.7907625
-1.8589464
-1.655306
-1.5828159
-1.4996381
-1.5987784
-1.5367674
-1.5117967
-1.460423
-1.436072
-1.3672401
-1.3590322
-1.3659489
-1.363219
-1.363554
-1.3619345
-1.8779499
-1.6627603
-1.699683
-1.6352662
-1.6065957
-1.097326
-1.1435867
-0.89268887
-0.82917948
-0.98766409
-0.85409814
-0.68767882
-1.6938212
-2.0765334
-2.0216279
-2.3964279
-2.5516513
-3.0344206
-3.2695895
-3.3739581
-3.4979462
-3.4690547
-3.3791892
-3.3535794
-2.9450611
-2.0581488
-2.0201913
-2.0415556
-2.0719679
-2.0697842
-2.244943
-2.1922855
-2.2142375
-2.1997793
-2.1715989
-2.4575764
-2.4136723
-2.4771854
-2.658282
-2.9885127
-2.7870861
-2.8647645
-2.8016586
-2.7079186
-2.6021139
-2.5413092
-2.402785
-1.76935
-1.8604691
-1.3937316
-1.3045329
-1.182803
-1.0900801
-0.86146403
-1.1444127
-0.94025132
-0.89859749
-1.0282091
-1.0037769
-0.89457026
-1.084561
-1.2654154
-1.3270416
-1.4621654
-1.7227601
-1.7878686
-1.70717
-1.7145829
-1.7264265
-1.7289813
-1.7440066
-1.8176707
-1.8730978
-1.9522658
-1.6573257
-1.6574857
-1.6618666
-1.6424245
-1.6571211
-1.6520493
-1.6531649
-2.4698256
-2.3214537
-2.3278298
-2.0835521
-1.9634106
-1.9555989
-1.9883599
-1.8498854
-1.7133582
-2.5660263
-2.626245
-2.6595106
-2.4449448
-2.5852039
-2.0557753
-1.9601791
-2.0340441
-2.10876
-2.03659
-2.0970612
-2.2218967
-2.3980534
-2.4393946
-2.5744769
-2.3894865
-2.563722
-2.5575509
-2.6978338
-2.8932546
-2.8707618
-2.7606904
-2.8528485
-2.8446084
-2.8233354
-2.8326709
-2.4985305
-2.5657959
-2.6471771
-2.7039367
-2.8007387
-2.7669748
-2.7301081
-2.8414407
-2.8806595
-2.8685797
-2.8197227
-1.968701
-1.9937968
-2.102726
-2.1162992
-2.2110037
-2.1643811
-2.3168958
-2.4225309
-0.53030878
-0.44491916
-0.66865477
-0.89719146
-1.3304395
-1.9060789
-1.7538719
-1.576832
-1.1642144
-1.5958534
-0.72933449
-2.0844223
-2.0292724
-2.1128402
-2.1205731
-1.9554899
-1.8503052
-1.8014651
-1.8642046
-1.895292
-1.9124523
-1.983542
-2.0580077
-2.0872989
-2.2455623
-2.1556838
-2.2704071
-2.3344486
-2.3638508
-2.3207469
-2.3682785
-2.3163366
-2.2585732
-2.2297455
-2.3204585
-2.1082608
-2.220367
-2.206978
-2.1958697
-2.3939436
-2.254426
-2.1066141
-2.0524368
-1.479208
-1.4562152
-1.4355869
-1.3851535
-1.4305103
-1.3674394
-1.3597827
-1.3608855
-1.8725766
-1.5674417
-1.4130141
-1.1509855
-1.0743481
-1.4789674
-1.3030675
-1.568024
-1.7783193
-2.8722105
-2.7786981
-2.6402415
-2.6633823
-1.9817077
-2.0193518
-2.0261589
-2.0594782
-2.0606068
-2.1134816
-2.2093765
-2.2840479
-2.3772971
-2.4922502
-3.2971418
-3.2289546
-3.2779077
-3.1532565
-3.0275061
-3.2432786
-3.2121154
-2.9506491
-2.7321317
-2.4193364
-2.2804342
-1.1060497
-0.99774617
-1.2446801
-1.3075332
-1.2592194
-1.7005168
-2.221308
-2.2264508
-2.1318717
-2.1098877
-1.9922536
-1.9959522
-1.8995592
-1.9186813
-1.8225908
-1.8035837
-1.8025459
-1.8270621
-1.8538266
-1.8977444
-1.9281728
-1.9547082
-1.9559691
-2.0063135
-2.0284581
-2.150902
-2.20408
-2.2848936
-1.8263886
-1.9082853
-1.9179536
-1.9128326
-1.9023274
-1.9538445
-1.9575877
-1.9543994
-1.9550041
-1.7029014
-1.7598978
-1.8525858
-1.9087369
-1.934837
-1.9679963
-2.0164776
-2.0420999
-2.1065981
-2.1084751
-2.1174202
-2.1732434
-2.5105048
-2.3954143
-2.3974531
-2.2639115
-2.1342503
-2.2008941
-2.1338049
-2.0456165
-1.9497737
-1.8252031
-1.7485575
-1.9519528
-2.0136676
-1.9344471
-1.8825401
-1.798329
-1.6510238
-1.7151331
-1.8746229
-1.7588212
-1.9362639
-2.0644145
-2.2245032
-2.4574041
-2.3901423
-2.2910154
-2.2037892
-2.3495942
-2.7828444
-2.8057798
-2.769002
-2.8256161
-2.7580366
-2.4951163
-2.4321422
-2.5211909
-2.6345897
-2.6397788
-2.6993698
-2.6414615
-2.5740121
-2.4469858
-2.5777908
-2.7033962
-2.3122807
-2.786114
-2.7915467
-2.8157818
-2.1710419
-2.3709074
-2.2981805
-2.4316359
-2.5435927
-2.6960179
-2.780181
-2.7581934
-2.6806102
-2.6226615
-2.4627331
-2.7139665
-2.5417823
-2.2821007
-2.2365665
-1.9711792
-1.7413387
-1.6652968
-1.6880165
-1.6342843
-1.8341518
-1.7290237
-1.5755335
-1.5530923
-1.5085187
-1.5138928
-2.1820297
-1.9980258
-2.2496429
-1.8969546
-1.7509959
-1.6621122
-1.9613497
-1.5483163
-1.5318682
-1.6283378
-1.6715738
-1.8190374
-1.6690273
-1.2459251
-1.3890322
-1.5746666
-1.7859545
-2.0574547
-1.9123535
-1.9353614
-1.9899098
-2.0461215
-2.2005051
-2.6808577
-2.6866856
-2.760389
-2.5929376
-2.8517841
-2.7673267
-2.5149759
-2.3570338
-2.2520051
-2.1715638
-2.1794361
-2.3047344
-2.2458695
-2.0426244
-1.9991857
-2.1767103
-1.8433684
-2.1946469
-2.1574632
-2.1029836
-2.1412643
-2.0022827
-1.8219631
-1.7819922
-1.5762407
-2.0445612
-2.0308999
-2.0561759
-2.1181185
-2.0601625
-1.974313
-1.8762889
-1.4387333
-1.2759744
-1.4930836
-1.0511859
-1.7058804
-1.8267131
-1.6170952
-1.2733399
-1.6687083
-1.1248153
-1.450799
-1.3165127
-1.2583485
-0.94636873
-0.40571441
-0.34093751
-0.37774379
-0.43192075
-0.79384941
-0.38072261
-0.80146074
-0.71767219
-0.82554152
-0.95543999
-1.9890471
-2.0238433
-2.0181723
-1.9825531
-1.9583777
-1.6327193
-1.6426563
-1.5126478
-1.4925789
-1.2943657
-1.3234244
-1.435065
-1.4224816
-1.4072201
-1.0794227
-1.5552828
-1.4673668
-1.5440013
-1.7862602
-2.7305428
-2.4337308
-2.2275342
-2.1388147
-2.0846601
-2.0613227
-2.0269819
-2.0093507
-1.9657712
-1.9538983
-1.9394143
-1.9413775
-1.8891783
-1.8928221
-1.8783032
-1.9219825
-1.9390455
-1.9036491
-1.8490316
-1.8159702
-2.0568441
-2.1138819
-1.9326598
-2.0273537
-1.97293
-2.0159975
-2.1374026
-2.2181607
-2.3282742
-2.4826841
-2.5292222
-2.3092949
-2.5743506
-2.6995133
-2.6636152
-2.9292604
-1.3956536
-1.5162654
-1.8436512
-2.0461456
-2.0685237
-1.857191
-2.0217383
-2.1224983
-2.2678134
-2.528515
-2.3743046
-2.8153306
-3.1178892
-2.2452173
-2.3872235
-2.6245163
-2.777756
-2.8003641
-2.8026364
-3.0560461
-3.1516024
-3.292459
-3.3512505
-3.3581107
-3.3336179
-3.2463631
-3.295298
-3.3095884
-3.169574
-3.0669768
-1.5671486
-1.5552189
-1.6408714
-1.4382931
-1.4239294
-1.3804776
-1.7477711
-1.6403464
-1.62502
-1.5405034
-1.5178813
-1.4210469
-1.3890967
-1.4012287
-1.4034955
-1.4502287
-1.3872472
-1.3612629
-1.363603
-1.3364631
-1.5659265
-1.5225521
-1.4793902
-1.5161805
-1.4516999
-1.4079942
-1.3783298
-1.4135997
-1.410812
-1.394056
-1.4281744
-1.3388556
-1.2935438
-1.2102422
-1.2466007
-1.263362
-1.3416023
-1.3087641
-1.2939749
-1.2695532
-1.3169986
-1.2405511
-1.4107204
-1.4804365
-1.527911
-1.51901
-1.6536895
-2.0374225
-1.6695568
-1.5796125
-1.5492884
-1.1561482
-2.2437286
-2.1275943
-2.5927099
-2.6327478
-2.5207736
-1.6142008
-2.0415393
-2.5610593
-1.9776088
-2.1434188
-1.9249275
-1.9580795
-2.062458
-2.2235348
-2.2673755
-2.4352429
-2.7202118
-2.6587292
-2.4132372
-2.5630811
-2.9189977
-3.2522935
-3.1820138
-3.0389648
-3.0567715
-3.0232887
-2.7989852
-2.7957318
-2.8986178
-2.6651857
-3.0317951
-2.7671813
-2.5126376
-2.3217638
-2.4641007
-2.4735277
-2.3833792
-2.2646921
-2.1737807
-2.0729533
-2.0501192
-2.0859986
-2.0750031
-2.146525
-2.1037538
-2.0664257
-2.041675
-2.0315909
-2.0211378
-1.9678036
-1.9393664
-1.9404494
-2.0975234
-2.0085965
-2.0503322
-2.0382976
-2.2151558
-1.8236149
-1.6539627
-2.1856192
-2.1599603
-1.909018
-2.0500113
-1.7911847
-3.1213099
-2.9256312
-2.7051637
-2.697174
-2.5356966
-2.591526
-2.3755796
-2.0490234
-1.8043682
-1.4999606
-1.702122
-1.7665349
-1.7037872
-1.4833842
-1.2740179
-1.2404699
-1.2317948
-1.1842707
-1.0377862
-0.78774254
-0.86097894
-0.5551015
-0.64125507
-0.6026069
-0.59134351
-0.50413854
-0.54310079
-0.48500246
-0.50231484
-0.46199717
-0.68581278
-1.1166627
-1.2952146
-1.5822615
-1.6881919
-1.6658846
-1.8718657
-1.7974174
-1.6950934
-1.8614091
-1.9849711
-2.0527636
-1.9886164
-2.5301332
-2.4189815
-2.2198169
-1.9894711
-1.9250715
-2.5019225
-2.443754
-2.9260371
-1.9382102
-2.0416719
-1.6679148
-1.88793
-1.7273546
-2.0268099
-1.9210268
-2.475481
-1.6576266
-2.6758057
-2.4941677
-2.6593622
-2.4534074
-2.3400797
-2.1268508
-1.7311349
-2.1441298
-2.01693
-2.4281936
-2.4258293
-2.4754341
-2.1036978
-1.9704392
-2.1048556
-1.9733742
-0.62838103
-0.59122482
-1.2962202
-1.6989678
-3.0553115
-3.1684269
-3.1806291
-1.9730782
-2.0256397
-2.5020892
-2.1650683
-2.062799
-2.0652768
-1.6146866
-1.4792145
-1.7185036
-1.7064857
-1.6418122
-1.6635985
-2.2377669
-2.8960781
-2.8187979
-2.8112717
-2.5627006
-2.8623327
-2.8694179
-2.3704793
-0.8651308
-1.9253872
-1.7125605
-1.8044462
-2.0908226
-1.971128
-1.681934
-2.0745886
-2.2338051
-2.3759828
-2.2960924
-1.5349828
-1.5014996
-1.8403715
-1.9966535
-1.9140226
-1.2872544
-1.1494181
-0.85548337
-1.6215046
-2.1188347
-2.2304589
-3.3166299
-2.6288934
-2.5750287
-1.2930396
-1.5605517
-1.7097412
-2.1494062
-2.0558977
-1.7466918
-1.8985149
-1.9295628
-1.9307752
-2.1961745
-1.914343
-1.6701579
-1.6394946
-1.6934524
-1.9235747
-2.0540196
-2.1504461
-2.0472482
-1.9661425
-1.9966539
-1.9736534
-1.9941592
-1.8528037
-1.6404068
-2.6076791
-2.6413649
-2.7559041
-2.8370984
-2.6714038
-2.7235955
-2.7803772
-2.712753
-2.2712307
-2.4214908
-2.4855081
-2.5999407
-2.6576498
-2.3091533
-2.6884702
-2.7767361
-2.778163
-2.4977508
-1.9810277
-1.7139477
-2.4336674
-2.2849149
-2.3610187
-1.6247449
-1.9281348
-1.8930949
-1.7702356
-2.3376753
-2.4099007
-2.4219364
-2.8849755
-2.6530948
-2.5701304
-2.0780111
-2.032331
-2.0276594
-1.6655885
-1.8498248
-1.6783924
-1.9445014
-1.9944174
-1.780112
-1.2227267
-1.2110732
-0.93655457
-1.1237903
-1.0786284
-0.94435271
-1.6725129
-1.6331886
-1.9321408
-2.1574079
-2.0903671
-2.1510883
-2.3241528
-1.6916438
-2.5373096
-3.1291802
-3.2982964
-3.3151716
-3.2715072
-2.8507733
-3.0475672
-2.9187638
-1.5215201
-1.5648706
-1.3704998
-1.6019472
-1.6893599
-1.435449
-1.225678
-1.3175444
-1.3528935
-1.0772497
-1.6432836
-1.912857
-1.8754878
-2.633525
-2.7203037
-2.7927596
-2.7037819
-3.3720783
-2.6181206
-2.6954622
-2.5649319
-2.0821618
-2.1607308
-2.1501732
-2.0983994
-2.0470861
-2.353784
-2.230981
-2.4361115
-2.6689444
-2.4445754
-2.2721552
-2.0031972
-1.9645935
-1.8494068
-1.7654412
-1.7036124
-1.7263059
-4.5267092
-1.7500007
-1.8593157
-1.3789469
-0.85520517
-0.79518916
-0.73282204
-0.47970491
-1.4207214
-0.46702582
-1.4319078
-1.7118676
-1.8003236
-1.7625993
-2.1027396
-1.9008356
-2.7805545
-2.7285043
-2.7865859
-2.5485705
-2.6084804
-2.7774933
-2.094523
-2.2315528
-1.0424862
-1.4593698
-1.6444044
-1.9503588
-2.0411142
-1.7788769
-1.9551437
-2.5138696
-1.7418748
-1.5217378
-0.80015207
-1.7434736
-0.92126869
-0.99814677
-1.1057331
-1.8884201
-3.2219293
-2.8776946
-2.6863196
-1.4999845
-1.9277018
-1.8783901
-1.9043538
-1.7951557
-1.835186
-1.8742791
-1.9527694
-1.9149312
-1.9359871
-1.9160597
-1.9742459
-2.0251977
-2.1729786
-1.8283333
-2.0440172
-2.4589029
-1.7642219
-1.7034643
-1.6374475
-1.6803341
-1.6554035
-2.5948309
-2.6654862
-2.7295672
-2.7399706
-2.4686338
-2.6598112
-2.6797503
-2.6850665
-2.7469218
-2.1757999
-2.1924012
-1.9652135
-2.2809284
-2.2457956
-2.2162386
-2.0869431
-2.2206544
-2.4511908
-2.536688
-2.8585484
-2.7460159
-2.6468311
-1.978252
-2.054507
-2.0332819
-2.1870149
-2.178392
-2.1239354
-0.35270542
-1.9640083
-1.8883486
-1.8414339
-0.55989069
-0.65887208
-2.0544437
-1.945844
-1.9102827
-2.0754052
-2.1175795
-2.1367664
-1.7310229
-1.7999873
-2.8920361
-2.580062
-2.6314016
-2.1367549
-1.7358508
-1.6742049
-1.6146002
-1.5675217
-1.4537248
-1.4300964
-1.3597128
-1.8458231
-0.99085247
-0.79218347
-1.949006
-1.8570549
-2.1806193
-2.289793
-2.4225374
-3.1156647
-3.2286039
-3.2908902
-3.3870594
-3.4678684
-3.5217897
-3.4495968
-3.1903891
-2.0114083
-2.0675728
-2.2736498
-2.5305334
-2.4389041
-2.4886784
-2.8559456
-2.9333815
-2.8748337
-2.5601855
-2.400418
-2.2559666
-2.2262027
-1.9688378
-1.9114101
-1.3255444
-1.1653485
-1.1711174
-1.0802794
-1.5537349
-1.3322226
-1.3641604
-1.4485231
-1.4267307
-1.6837262
-1.6823113
-1.6899395
-1.7504426
-1.7370912
-1.7795785
-1.8498815
-1.9167844
-1.6602927
-1.6588629
-1.6545001
-1.653903
-2.2478291
-2.3213468
-2.0778108
-1.8612245
-1.9166169
-1.803141
-1.6634761
-2.6062952
-2.2761896
-2.3795731
-2.4340078
-2.388596
-2.4554457
-2.5374974
-2.2999031
-2.5033335
-2.4305033
-2.0388362
-2.0912774
-2.6970456
-2.8983561
-2.9116074
-2.9115011
-2.8925124
-2.844488
-2.7870072
-2.8864392
-2.8672593
-2.8853862
-2.87083
-2.8319202
-2.5405486
-2.7634728
-2.6650101
-2.8387373
-2.8167282
-2.8799691
-2.880458
-2.8651651
-2.7851944
-2.7000571
-1.9987941
-2.0327478
-2.186107
-2.2023548
-2.3512261
-1.309668
-1.1270964
-1.5761074
-0.97586812
-0.52199776
-1.2735688
-2.1087999
-1.8274679
-1.785183
-1.9770703
-2.3096859
-2.3042542
-2.2003342
-2.1828832
-2.4120885
-2.3512151
-2.221131
-1.4946765
-1.4535621
-1.4055572
-1.9108352
-1.8917332
-1.7665905
-1.765355
-1.6704829
-1.6709453
-1.5473109
-1.6679566
-1.2308699
-1.2936359
-0.82948843
-2.0336284
-1.740927
-1.1092017
-1.9721798
-2.0131816
-1.9651303
-2.1658995
-2.2316889
-2.3722441
-2.2867127
-3.3357119
-3.1064786
-2.9204493
-3.0360361
-2.3181164
-2.3550318
-2.313819
-1.2806483
-2.180642
-1.9509892
-1.8372191
-1.8229021
-1.8898746
-1.9162407
-1.9515673
-1.9816474
-2.0279095
-2.1266557
-2.0657051
-2.0833373
-2.1468096
-1.8816851
-1.8746349
-1.8810715
-1.9081366
-1.6741095
-1.8383131
-1.9396929
-1.8457321
-1.9817534
-1.9861408
-2.1021529
-1.9807956
-2.0057975
-2.0613729
-2.3903076
-2.321144
-2.3082755
-2.0470945
-2.1775474
-1.8022885
-1.7069337
-1.9270514
-2.2417326
-2.5919384
-2.3869415
-1.9333223
-2.338533
-2.7798217
-2.807682
-2.8194621
-2.8369919
-2.6331374
-2.7483493
-2.6264842
-2.6511511
-2.5393181
-2.731611
-2.7593526
-2.7845006
-2.370354
-2.4539013
-2.6290108
-2.534178
-2.7173094
-2.7745079
-2.7807944
-2.7933007
-2.7260848
-2.7573996
-2.7074263
-2.6796423
-2.5994585
-2.7520502
-2.7491357
-2.5717922
-2.5149968
-2.3193016
-2.0683846
-1.7055096
-1.6370034
-1.5780125
-2.1316449
-2.2946438
-2.1146533
-1.6601691
-2.0091153
-1.9738205
-1.6200238
-1.670706
-1.5996241
-2.0893245
-1.4459282
-1.6712765
-1.6253837
-2.0392423
-1.9343382
-2.1617932
-2.2200856
-2.2351003
-2.6281929
-2.5999278
-2.7967475
-2.6497693
-2.7057585
-2.8778483
-2.7342339
-2.7515835
-2.6732134
-2.5906007
-2.4596808
-2.5206723
-2.3232964
-2.2545279
-2.2446732
-2.1754113
-2.2330267
-2.3109799
-2.3825858
-2.4834155
-2.2325844
-2.183861
-2.1345461
-2.0215278
-2.1982231
-2.1417118
-2.0319219
-2.0947191
-2.1134685
-2.0876489
-2.0402125
-2.1155438
-1.9645327
-2.0580852
-2.0952218
-2.0287462
-2.0269011
-1.9689418
-1.6675446
-1.5915064
-1.2069645
-1.1576231
-1.18631
-1.3761905
-1.3230011
-1.2044331
-1.4518525
-0.99316011
-1.2088398
-1.1151088
-1.9324666
-1.3317506
-0.72821682
-0.38504077
-0.56541252
-0.350832
-0.60192199
-0.67949555
-0.93862734
-0.76945631
-0.7172522
-1.5135743
-0.78714549
-1.3191165
-0.95178601
-2.0267495
-2.0419309
-1.9250101
-1.7039017
-1.3081066
-1.4887711
-1.3581521
-0.91722134
-1.1387582
-2.5028711
-2.5618373
-2.4505358
-2.4933904
-2.2251824
-2.2409349
-2.1890568
-2.132928
-2.0142708
-1.9927339
-1.869366
-1.8725443
-1.8668755
-1.8396084
-1.900445
-1.8990598
-1.9345232
-1.7589572
-2.1728327
-2.07027
-2.0873721
-2.0434533
-2.0348006
-2.0364862
-1.9835462
-2.0545809
-2.205456
-2.5180148
-2.5094051
-2.2155921
-2.2677854
-2.4573256
-2.7908115
-2.5719539
-1.8196266
-1.8965546
-2.177805
-2.3252474
-2.3485998
-2.9824319
-2.565291
-2.4353026
-2.5152995
-2.4924235
-2.7084639
-2.8166989
-2.9207894
-2.8468763
-2.9337461
-3.2824345
-3.2045954
-3.068817
-3.2451887
-3.267043
-1.547551
-1.7220976
-1.5119072
-1.5018864
-1.4250063
-1.4503017
-1.3962133
-1.4477766
-1.4279073
-1.4918211
-1.4320634
-1.3673651
-1.361488
-1.6121966
-1.48663
-1.4175482
-1.3686569
-1.3555944
-1.4035863
-1.2497459
-1.308238
-1.2715925
-1.2976941
-1.7640462
-1.992017
-1.3856491
-2.0495701
-2.5279944
-2.3659238
-2.3861614
-1.2798194
-1.0485154
-1.7303673
-2.3601035
-2.3365639
-1.8167156
-1.7492127
-2.0213201
-2.2604842
-2.3331269
-2.2882978
-2.7166058
-2.6746647
-2.8839216
-1.8596801
-2.220371
-2.9125364
-2.7980827
-2.7446461
-3.3749112
-3.3949596
-3.2145099
-3.1093403
-2.9273647
-2.91475
-3.171172
-3.0265764
-2.7921683
-2.8573584
-3.2321048
-3.0790828
-2.8282809
-2.6970998
-2.4725276
-2.5310978
-2.5358797
-2.299104
-2.2550345
-2.374436
-2.3087681
-2.2209602
-2.2951897
-2.3759548
-2.1551334
-2.0460522
-2.0678786
-2.1218884
-2.0883276
-2.1715617
-2.0936537
-2.1139042
-2.0751705
-2.0769524
-2.0305311
-2.0011533
-2.1359345
-2.1838706
-2.2739757
-2.1105881
-2.1601189
-2.0888078
-1.9922355
-2.1426133
-3.1463291
-2.9686309
-3.0438623
-2.8631995
-2.5049296
-1.8391348
-1.6026612
-1.556638
-1.6619233
-1.5361853
-1.4889382
-1.7674099
-1.3365288
-1.2981414
-1.1267632
-0.87871418
-1.2324178
-4.3486568
-1.2996671
-1.4057052
-1.1874076
-4.4967035
-1.4563055
-1.5645019
-1.6867097
-1.7420389
-2.0620295
-2.1075123
-1.8855894
-2.6326762
-2.2320356
-1.8876124
-1.9028352
-0.8947041
-0.95413869
-2.7375426
-1.9420759
-1.9843723
-1.7399863
-1.6429936
-2.6717818
-2.7413336
-2.5242395
-2.343455
-2.416613
-2.4088713
-2.5829881
-2.6776792
-2.7804893
-2.4918146
-2.6474993
-2.4528386
-2.3354467
-0.99563962
-1.9538092
-1.9100187
-1.7231391
-1.8430946
-2.1540745
-2.1251227
-2.3877881
-2.4781585
-2.7532815
-1.942991
-1.7019451
-1.8093835
-1.5738822
-1.8734095
-2.9740585
-3.4448873
-3.3548783
-3.366532
-3.4110718
-3.2210273
-2.0141501
-2.3705155
-2.3751115
-2.4612065
-2.2316338
-2.1189145
-1.3592018
-1.4111803
-1.6618823
-1.6676944
-2.0772817
-2.8026176
-2.8897426
-2.7777896
-2.7772875
-2.8600236
-1.9953703
-2.0662806
-2.3065589
-1.3935576
-1.6723747
-2.1023386
-2.0969657
-1.7855509
-1.9163462
-1.9952649
-2.2768866
-2.3029901
-2.1437495
-2.4453607
-1.3802516
-1.400259
-1.9716823
-1.4356778
-2.3841985
-1.7803062
-2.371577
-1.5838773
-1.9674139
-2.0554476
-2.3305395
-3.3733212
-2.7293102
-2.6575876
-1.3186932
-1.379729
-1.4438714
-1.9236525
-1.8833506
-1.8546565
-1.8536522
-1.9147341
-2.2276908
-1.7221596
-1.8596068
-2.0466617
-2.1617614
-2.511794
-1.8590133
-2.252347
-2.4793157
-2.7689197
-2.8083968
-2.8539696
-2.8415648
-2.645738
-2.6761327
-2.58248
-2.712404
-2.7233605
-2.7609585
-2.7776412
-2.6840143
-2.6162794
-2.4266474
-1.8120191
-1.882194
-1.5786585
-1.5634401
-2.3524792
-2.7594708
-2.844936
-2.8215119
-2.8574105
-2.7792598
-2.6587751
-2.4782555
-2.362904
-2.3930816
-2.2605795
-2.1494371
-1.9841825
-2.0763908
-2.0905599
-2.0793209
-2.0287547
-1.4333511
-0.63489963
-0.67787804
-0.84572021
-0.57642005
-0.57642005
-0.52725918
-1.0073206
-0.90898983
-1.3863513
-2.0046858
-1.3279535
-1.0559496
-1.1763127
-0.74777753
-0.80826126
-1.2323075
-1.3471481
-2.3315234
-2.0090256
-2.0143125
-1.962691
-1.9382812
-1.8645078
-1.7419908
-2.2586581
-2.0084325
-1.8212665
-1.9540828
-2.0928725
-2.0639977
-2.4730175
-2.4230206
-1.5510812
-2.1174657
-2.0113304
-1.5016337
-2.2782753
-2.5198411
-2.4578537
-2.5457499
-2.5925458
-2.8856163
-3.1420899
-3.1544406
-3.1109561
-1.6832621
-2.027816
-1.4911217
-1.4860303
-1.2876409
-1.3286272
-1.4885171
-1.5496972
-1.6081822
-1.3346464
-1.3753048
-0.87930137
-1.0762959
-1.8313066
-1.8615017
-2.3423541
-2.6418116
-2.4631529
-3.5240105
-3.5012724
-3.4916893
-3.3626872
-3.0218429
-3.182408
-3.0042602
-2.777378
-2.182965
-2.142346
-2.1563364
-1.9634076
-2.1814978
-2.0761532
-3.2330564
-2.9985062
-2.3999084
-2.1110636
-2.0083928
-1.6108423
-1.7534853
-1.6790666
-1.6801249
-1.7139699
-0.95439954
-0.54916885
-0.72979866
-1.3263579
-1.4346324
-1.7793957
-1.8091747
-1.721348
-1.6720926
-2.3247823
-2.8921643
-2.8503171
-2.6912414
-2.0408576
-2.0583676
-2.1268884
-2.3171238
-1.5075304
-1.7741249
-1.9471729
-1.7468872
-2.3856473
-2.1288134
-2.5645606
-1.5720214
-1.3558694
-1.308345
-1.2619698
-0.9698952
-1.1189952
-1.8699983
-1.8976812
-2.0660174
-3.1431015
-3.0161257
-2.7649612
-2.5171816
-1.8782354
-1.9609108
-2.1355998
-1.6719698
-1.6719698
-1.9465024
-1.7789671
-2.6430082
-2.827021
-2.8038763
-2.4220782
-2.0390611
-2.4802962
-2.2663308
-2.327342
-2.1727473
-2.8994014
-2.8937496
-2.81507
-2.8274839
-2.7588279
-2.6362215
-2.565699
-2.5277629
-2.2935807
-2.2224035
-2.0091571
-2.011439
-2.0083873
-2.0323467
-2.0452851
-2.0537034
-2.153878
-2.1979762
-2.15947
-2.2134557
-0.49002103
-1.0806554
-0.66542703
-0.61200038
-1.2747113
-1.7409059
-1.9114205
-2.1174043
-2.1689407
-2.1856132
-2.1824532
-2.1895218
-2.1530044
-1.7326268
-2.2591962
-2.3874714
-2.562317
-2.7481841
-2.7656855
-3.2110613
-2.9308548
-2.7864606
-1.8145776
-1.9706931
-1.5160631
-1.6005685
-1.3640375
-1.8565178
-1.6597885
-1.7484027
-1.6600899
-1.6648526
-1.1964156
-0.69748483
-0.76066408
-0.91207398
-2.139075
-2.2220944
-2.6826745
-2.9304052
-3.0529795
-3.4000137
-3.4792638
-3.4189604
-2.8684632
-2.0484803
-2.1941154
-2.1404356
-2.2755928
-2.3783441
-1.9002078
-1.9244065
-2.0028745
-1.7873154
-1.8177419
-1.8944206
-0.87924329
-1.0409407
-0.74852377
-1.7691595
-1.7537029
-1.7213927
-1.6927511
-1.8445817
-1.662025
-1.6605712
-1.6510813
-2.1901898
-1.8962166
-1.6776877
-2.6225973
-2.6517745
-2.6966093
-2.5533345
-1.9965798
-1.9706891
-2.5536526
-2.6577789
-2.8042499
-2.7448612
-2.6564502
-2.7210508
-2.7652247
-2.7429537
-2.8062375
-2.7901566
-2.5203552
-2.7660692
-2.7889684
-2.7776087
-2.7846257
-2.8737451
-2.8212007
-2.8942594
-2.8678937
-2.0759412
-2.1096411
-0.90642261
-0.47981952
-1.4050511
-2.1180711
-2.1185266
-1.8864636
-1.7194959
-2.3646762
-2.4061979
-2.3437954
-2.1825638
-2.0784234
-1.5293719
-1.3666642
-1.3128856
-1.7708553
-1.6955475
-1.0056114
-2.2801893
-2.7587257
-2.9296429
-2.8431458
-2.0199363
-2.0076319
-2.1644724
-2.2159614
-3.3062268
-3.2593673
-3.2922438
-3.096307
-2.5145891
-1.1675454
-1.1965899
-1.3837369
-1.4959795
-2.0302455
-1.9909797
-1.7632521
-1.8643735
-1.9442018
-1.9297632
-1.6887242
-1.9457137
-2.0381886
-2.4636213
-2.2256847
-1.9223402
-1.928077
-1.8776472
-2.219533
-1.8540876
-1.799149
-1.632604
-1.7707816
-1.9423511
-2.0191196
-2.7464676
-2.8047379
-2.7389304
-2.530077
-2.6639646
-2.6691092
-2.6579985
-2.8435795
-2.7812132
-2.843424
-2.438684
-2.431565
-2.4912508
-2.5186481
-2.6107746
-2.7615877
-2.7978741
-2.7874957
-2.6540294
-2.6917464
-2.6261241
-2.4901902
-2.7060436
-2.7078106
-2.6356281
-2.2138989
-1.5314554
-2.1014942
-1.6033756
-1.5878234
-1.5094498
-1.5438765
-1.5835188
-1.5983487
-1.7968449
-1.7940241
-1.9126275
-2.0709595
-2.5285214
-2.6415786
-2.5610092
-2.7504925
-2.6754358
-2.6180193
-2.5743081
-2.5418527
-2.8723718
-2.9068088
-2.8475294
-2.8252887
-2.4637924
-2.4280772
-2.2673162
-2.1760961
-2.0864766
-2.4413841
-2.3200906
-2.0299227
-1.961716
-2.2063998
-2.1310346
-2.0477276
-2.0443022
-2.0815128
-2.061278
-2.0401548
-1.5065222
-1.4874984
-2.1787729
-1.5027911
-1.6621264
-1.1394286
-1.4172525
-0.59699123
-0.65705971
-1.741533
-1.5910388
-1.7928136
-1.5489817
-1.6842336
-1.4269139
-1.3501632
-1.4905988
-1.578508
-1.5371795
-1.1937659
-1.6120861
-1.6098428
-1.7397616
-2.3140318
-2.1826647
-1.9177592
-1.9022173
-1.9536758
-1.9407866
-2.0996352
-1.8411584
-1.8376211
-1.9879342
-1.9497449
-1.9608498
-1.94937
-2.0856149
-2.6236008
-2.248424
-1.9555197
-1.9198973
-2.1657545
-2.363021
-2.6426398
-2.7847073
-3.178146
-3.2229425
-3.3441606
-3.1332869
-3.0440341
-1.7526882
-1.7594672
-1.5864379
-1.4484204
-1.4156504
-1.3816123
-1.3779237
-1.4161701
-1.3674872
-1.4423714
-1.3818373
-1.4104588
-1.3221835
-1.1929647
-1.1946359
-1.2346072
-1.2971146
-1.1437398
-1.1385442
-1.4337858
-2.4610511
-2.4600946
-1.7300774
-1.5853786
-1.6719014
-1.2531661
-2.7925182
-2.7169318
-2.8777636
-2.7073899
-1.9106786
-2.0818642
-2.0775713
-2.0137911
-2.1561535
-2.5732802
-2.189462
-2.336226
-2.5869834
-3.130418
-3.0811412
-3.2198876
-3.1195542
-2.9693012
-3.1664876
-2.7157008
-2.7061624
-2.723765
-2.5594276
-2.4034455
-2.4414024
-2.2354649
-2.0888774
-2.0850917
-2.1346841
-2.1261056
-2.0610631
-2.0371378
-1.9159084
-1.9211084
-2.0283967
-1.9795866
-1.8970039
-1.8869247
-3.092299
-3.0358177
-3.0274072
-2.8312856
-2.6777663
-2.6258647
-2.4993733
-1.6091861
-1.6101069
-1.3175103
-1.1367132
-1.2206371
-1.1997298
-0.8871058
-0.98992379
-1.1545291
-0.72295286
-0.57632847
-0.48668303
-1.0135898
-1.091425
-0.95260442
-1.9303973
-1.6506067
-2.6395312
-2.7443026
-2.4917911
-2.2879457
-2.4291943
-1.7326931
-2.6180289
-3.0250514
-2.0763978
-2.5410521
-2.5132785
-1.7239129
-2.3953433
-2.4090842
-1.5601474
-1.6446128
-2.8163563
-2.0987922
-2.4295543
-3.0274906
-4.5618974
-1.7841584
-1.8327954
-1.9877147
-2.6388048
-2.5916862
-2.2378966
-1.6155978
-3.000258
-4.2106597
-1.1710125
-1.6585414
-2.9070032
-2.8954444
-2.8622316
-2.1959839
-2.2598998
-1.1920169
-1.8241819
-2.142646
-2.4983366
-2.8264417
-2.5826094
-2.5967648
-2.7873722
-1.7413524
-2.2296711
-2.6886122
-2.8308616
-2.0491078
-0.32711809
-1.4779419
-1.9335903
-1.8961073
-1.8908608
-2.0696776
-2.8571566
-2.8348374
-1.0438725
-1.8092478
-2.1940732
-2.1558262
-1.8699525
-2.1567638
-3.3420026
-3.1470709
-3.1226314
-2.7503743
-2.4542026
-2.1135614
-2.4884684
-1.924473
-2.6371994
-2.4100767
-1.6524106
-2.1357457
-3.2106319
-3.2709734
-1.6644775
-2.9009417
-2.8655001
-2.2486807
-2.3265326
-2.7264261
-2.704283
-1.8167834
-2.3932574
-2.7022437
-2.8098057
-2.749834
-2.7453107
-2.5133616
-2.0237288
-1.498031
-0.52740195
-1.094771
-2.2201919
-1.5683027
-1.6805659
-3.0699041
-1.0898338
-1.44279
-1.7820883
-3.2399216
-2.1434947
-2.283623
-0.59347913
-1.7405404
-2.1784025
-2.874832
-2.8719867
-2.1869248
-2.4342775
-2.546966
-1.5895659
-1.5698949
-1.3141888
-1.2987132
-1.2193985
-1.8942299
-3.2915401
-1.9303479
-1.974691
-2.0032161
-1.8905027
-1.7771799
-1.7835948
-2.6063485
-2.3836206
-2.2366736
-2.3974659
-2.2991927
-2.9015292
-2.6549322
-2.5333076
-2.0304537
-2.0362885
-1.9710186
-1.8828772
-2.087789
-2.0738045
-2.8724511
-2.8547325
-1.9765906
-1.6268718
-1.569693
-2.2626912
-2.1652874
-2.7808925
-0.94649486
-1.7497948
-1.8134461
-1.6644328
-2.4995514
-2.9052245
-2.6738634
-2.5996071
-2.0954797
-2.1818866
-1.1016272
-2.1182715
-2.113634
-2.0660897
-2.4018121
-2.3211562
-2.3336157
-2.2939828
-2.3867764
-2.2058658
-1.3584285
-1.3540318
-1.2355088
-2.1899291
-2.4209768
-3.3128159
-3.2105206
-2.2099207
-1.7830923
-1.7815954
-2.1995121
-1.8690522
-1.7513542
-1.7927856
-1.6894176
-1.9876378
-2.0018961
-1.7541465
-2.3866693
-2.7906112
-2.6229836
-2.8188526
-2.6236869
-1.7539325
-1.7123181
-1.5467109
-1.5534085
-1.5448362
-2.0276079
-2.7266846
-2.7440523
-2.664869
-2.6378789
-2.838702
-2.2494866
-2.2176254
-2.0708159
-1.8287936
-1.5638611
-1.6675629
-1.6675629
-1.697573
-1.491529
-1.411113
-1.6747593
-1.5919003
-0.97120975
-1.4719958
-1.8992876
-1.9117193
-1.9150425
0
-2.1535168
-2.0064836
-2.210727
-1.3847901
-1.17937
-1.5858433
-1.7288973
-1.6789085
-1.9892879
-2.51123
-1.884746
-2.4910586
-2.4042919
-2.4871687
-3.1198122
-3.4741079
-2.8912954
-3.0989158
-2.7289538
-2.777099
-2.4180303
-2.3542418
-2.5760291
-2.2266954
-2.0670579
-2.0696261
-2.0074802
-1.9141575
-1.79957
-1.9813324
-2.8380246
-2.754076
-2.4168877
-0.4989343
-0.49934309
-0.5195574
-0.50534552
-1.466611
-2.1353665
-2.5365589
-2.5175286
-1.881345
-1.9833663
-2.2559076
-2.1399121
-2.8619156
-1.9861677
-2.3482892
-1.2094236
-1.187576
-1.9313215
-1.7285831
-2.0311316
-2.4057003
-2.6581061
-2.5655827
-2.4031893
-2.3728412
-2.0922971
-1.9585943
-1.6908745
-2.1423346
-3.2679164
-2.5481809
-3.5177742
-0.93897219
-2.7661273
-2.7669806
-2.3758975
-2.6949327
-2.0026041
-1.6068584
-3.1166463
-1.9742764
-1.1870867
-2.9158482
-2.9087379
-2.0467339
-2.061682
-2.6176835
-2.4137834
-3.3353101
-2.3645463
-1.4693473
-1.6231247
-1.607081
-1.7064096
-2.7568795
-2.7714954
-2.021977
-2.5897861
-2.5494414
-2.0686182
-1.4130102
-2.0482373
-2.2637368
-2.2613784
-2.3332202
-2.6752217
-3.0994937
-1.8241691
-1.3981223
-1.3772312
-1.3720971
-1.0784258
-1.2781025
-2.1678161
-2.7975421
-2.6837707
-3.1414168
-2.1336217
-2.0934999
-2.0288348
-2.0425711
-2.7803256
-1.6014833
-2.0647067
-2.6851836
-0.87401126
-2.2800974
-2.7059164
-2.2560334
-2.2700256
-0.94599542
-1.8239705
-2.6609703
-1.7922508
-3.2229296
-1.3498429
-2.8876719
-1.9991825
-1.131939
-2.797862
-2.6807603
-1.9139572
-2.073449
-2.1044743
-2.6095978
-2.0797173
-2.5948762
-2.5145346
-2.1066403
-2.7698143
-2.3764945
-2.0822221
-1.5092161
-1.4790666
-1.3421746
-2.8352003
-3.4990312
-2.2768348
-4.48264
-1.7069071
-1.0266522
-0.64684852
-1.6630002
-2.7873506
-2.826224
-2.0288266
-2.0346412
-2.7776107
-2.7737676
-2.7721247
-2.2069842
-2.336551
-2.8407042
-2.8384383
-2.0628466
-1.9352634
-0.76108691
-0.7102807
-3.1402661
-1.373661
-1.3511595
-0.81605213
-0.9372042
-3.1653015
-2.5585005
-1.8444438
-1.2493103
-1.7354479
-2.3890388
-2.687946
-2.6917289
-2.515365
-2.7135009
-2.8630735
-2.6409183
-2.0552757
-0.47744027
-0.46365161
-1.8353776
-2.1950248
-2.1243227
-3.1990585
-2.8363313
-1.1752578
-1.2040181
-2.022268
-1.9411074
-1.972647
-2.1518216
-1.9690655
-1.6345887
-2.0853937
-2.549057
-2.8540036
-2.4595471
-2.5856878
-2.5357653
-2.643902
-1.9489267
-1.8230638
-1.8302697
-2.1439901
-2.4032439
-2.0232703
-1.9755702
-2.8644026
-1.6022306
-2.8572586
-2.2361392
-3.1456704
-3.1346517
-2.7721145
-2.7320284
-2.5994606
-2.396798
-2.4628235
-2.1490693
-2.0732415
-1.9748996
-2.755654
-2.1917358
-1.6100028
-1.1704595
-5.0994591
-5.1122307
-5.1867184
-5.2013806
-4.8093387
-4.9829903
-5.0896597
-4.8125994
-5.0728869
-4.8738227
-4.966707
-5.1975265
-5.1904144
-5.2202289
-4.9324728
-5.255146
-5.2614983
-5.2542325
-5.2291706
-4.8848828
-5.0121109
-5.2531527
-5.2817229
-5.3264879
-5.2987854
-4.7047665
-4.908337
-4.6384697
-4.9559316
-5.1508557
-4.8075981
-4.7312111
-4.945208
-4.9978529
-5.0795397
-5.2091739
-5.0592371
-5.0829771
-5.297001
-5.2369726
-5.2520447
-5.0586686
-5.1579411
-5.3109161
-5.333487
-5.3454938
-5.3670556
-4.5891767
-4.7236083
-5.3547373
-5.3490193
-5.3747782
-5.3888704
-5.4066773
-4.8442222
-4.9885208
-5.0067422
-4.9335882
0
-4.9359572
0
0
0
-5.0479788
-0.6152023
-5.0932251
0
0
0
-5.274073
-5.3469237
-5.3882121
-4.5889075
-4.5494402
-4.9597416
-4.7559601
-5.1180836
-5.3666367
-4.4098983
-4.489665
-4.5046567
-4.5996798
-0.61519573
-5.2974838
-5.3205607
0
-4.3917671
0
-4.6133704
-4.6016809
-4.657239
-5.050567
-0.61520402
-0.61519708
0
-5.3268854
-4.4826742
-4.5926304
-4.6249914
-5.1070886
-5.1530574
-5.1911753
-5.195766
-5.2814312
-5.3698925
-5.423374
-5.4139611
-4.7164233
-5.0643541
-0.61519708
0
0
-5.2345391
-5.4043345
-5.4252139
-5.4264039
-5.4365479
-5.4373424
-5.4531126
-4.8564682
-4.9700192
-4.9916341
-0.61520166
0
0
-5.3603062
-5.3997353
-5.4632718
-5.4345715
-4.2817029
-4.3369187
-5.1043211
-5.1204511
-5.3965108
-5.4371355
-4.2969158
0
-4.2210917
0
0
0
-4.4832521
-4.5909647
-5.2274167
-5.3472643
-0.6152048
0
0
0
-0.61520297
0
0
0
-0.61520461
-5.4061776
0
0
0
-5.3948996
-5.4749718
-4.1704879
-4.3828422
-4.3806066
-4.6742992
-5.1596801
-5.2057365
-5.3240687
-5.2639156
-5.3769415
-0.61520461
0
-4.2196709
-5.4352458
-5.4327773
-5.4828109
-5.4385358
-5.4975317
-5.4853123
-5.4817551
-5.5282708
-4.7728681
-4.898339
-4.98415
-5.0730425
-5.4734763
-5.4973064
-5.5222617
-4.0944632
-4.1376685
-4.1123424
0
-4.695781
-5.2184351
-5.5073954
-5.4976509
-5.5179776
-4.1371778
-3.9841188
-4.0446998
0
-4.2264944
-4.2554414
-4.3278285
-4.6281841
-4.7273753
-5.1307608
-5.1866516
-5.2383309
-5.3383457
-5.5256827
-4.4085399
-4.4956098
-5.0617061
-5.1576989
-5.4024306
-0.61520569
-5.5628463
-5.4549654
-5.4535385
-5.4650532
-5.4897929
-5.5214208
-4.0379498
-4.1762465
-4.9241687
-4.7312015
-5.1103394
-5.5510775
-5.5486358
-5.5271961
-4.6786304
-4.6733736
-5.4577274
-0.61520585
-5.5284525
-5.5245781
-5.5642844
-5.5613031
-5.5392804
-3.9479662
-5.561515
-5.5665393
-5.5448274
-4.5998092
-4.6977461
-5.3296793
-5.3908972
-5.4428714
-5.5882195
-3.9952014
-4.0456234
-4.0908168
-4.1692819
-4.2546842
-4.3236017
-4.4008576
-4.5105868
-4.7218202
-4.8313048
-5.2364579
-5.5161668
-5.5572901
-5.5765792
-3.9561289
-4.0252117
-4.9415855
-5.0436583
-5.1493982
-5.2911811
-5.5464637
-5.590851
-5.5677623
-5.567828
-3.9496366
-3.9400458
0
-5.5844876
-0.010932014
-5.5889757
-5.6097608
-5.5740455
-5.5891188
-5.5927392
-5.6155809
-5.5835871
-5.5675977
-5.6039723
-4.6470065
-4.848341
-5.5762843
-5.5919201
-5.5926569
-4.06737
-4.1638423
-4.2602114
-4.3459164
-4.5643125
-5.2697528
-5.2933685
-5.3057176
-5.5030866
-3.9925653
-4.0247134
-4.4629853
-4.9716395
-5.0967671
-5.2008128
-5.5399322
-5.5997085
0
-5.585755
-3.9543875
-3.9510892
-0.010932014
-0.010932014
0
-0.010932014
0
0
-0.010932014
0
-3.9798438
0
-5.6458338
0
0
0
-5.6293671
-5.6236849
-5.6329212
-4.6342971
-5.0665215
0
-5.6438165
0
0
0
-0.010932014
-0.010932014
-5.5751999
0
-5.6274336
-5.6436599
-5.6478613
-5.6478613
-5.645402
-5.6465542
0
-5.6237149
-5.6309456
-5.6161671
-5.6273137
-5.6265088
-5.6124532
-4.1901276
-4.3335815
-4.4437244
-5.1619961
-5.220248
-5.5673428
0
0
-5.6206853
-5.2292477
0
0
0
-4.0500446
-4.1062319
-4.2382709
-5.0665332
-5.1349925
-5.1654804
0
-0.010932014
-5.6244052
-4.0129939
-4.0372082
-4.3879069
-4.5935075
0
-5.6480076
-5.6911742
-5.2252162
-5.6502381
-4.0621926
-5.1709902
-4.6280666
-5.6513214
-5.6459663
-5.6705593
-5.6611012
-4.1034096
0
-5.2186682
-4.6186006
-5.6641395
-5.6574248
-5.6446268
-5.6363869
-5.6698923
-5.6641431
-4.584266
-4.6106851
-5.6498947
-5.6408229
-5.6900576
-5.6542485
-4.3629516
-4.4197475
-5.2089611
0
-5.2380803
0
-5.2296707
0
-5.6998635
-5.683847
0
0
-5.7108095
0
0
0
-5.6584002
-4.1819733
-4.2717237
-4.1483998
-4.1206007
-5.2356123
-5.7029694
-5.695546
-5.6868925
-5.6826746
-4.104253
-4.1206573
-4.1588735
-4.1422304
-5.7162242
-5.7230722
-5.7017448
-5.7099338
-5.6806538
-5.6790958
-5.6740567
-4.1457533
-4.6129183
0
0
-5.7220943
-5.706016
-4.1920334
-4.2664403
-4.5586987
0
-4.3629815
0
-4.5956112
-4.5995064
-4.609429
-5.7256238
0
-5.7127632
-5.6915561
-4.4241942
-4.5496915
0
-5.7240868
-4.3370915
-4.2786986
-4.3181964
0
-4.337941
-4.2599762
-4.3811769
0
0
-4.5972543
-5.7266954
0
0
-4.451805
-5.7382313
-5.7450191
0
0
-4.3080311
0
-4.2626867
-4.4173344
-5.7435154
0
-5.7369348
-5.7380324
0
-5.7357473
-4.5614963
-4.5831939
-5.7390893
-4.5821362
-4.5889865
-4.5460743
-4.5906606
0
-4.5715053
-4.5768135
-4.4879661
-4.5011506
-0.010932014
0
-0.010932014
0
-5.3564725
0
0
0
0
0
0
0
0
0
0
0
0
0
0
0
0
0
0
0
0
0
0
0
0
0
0
0
0
0
0
0
0
0
0
0
0
0
0
0
0
0
0
0
0
0
0
0
0
0
0
0
0
0
0
0
0
0
0
0
0
0
0
0
0
0
0
0
0
0
0
0
0
0
0
0
0
0
0
0
0
0
0
0
0
0
0
0
0
0
0
0
0
0
0
0
0
0
0
0
0
0
0
0
0
0
0
0
0
0
0
0
0
0
0
0
0
0
0
0
0
0
0
0
0
0
0
0
0
0
0
0
0
