-2.3776468
-2.8246284
-2.253091
-2.7372386
-1.8985187
-1.7506568
-3.2988064
-1.6154902
-2.0637883
-1.3121275
-2.1798548
-2.232101
-2.3090903
-2.008589
-2.0274351
-1.961466
-1.986762
-2.07367
-2.295511
-1.7624232
-1.7194399
-2.8177066
-2.769817
-1.8889522
-3.1201702
-2.9481243
-3.0476065
-2.9938464
-1.9327688
-3.1023898
-2.6429127
-2.6143043
-1.1307874
-0.89960517
0.20527549
0.3389971
0.094274708
-0.64099221
-1.6043645
-2.1967466
-2.0082253
-2.4211188
-2.7669631
-2.2562729
-3.4248764
-1.639078
-1.2919219
-3.4011089
-1.0354317
-3.2376873
-2.8283508
-1.973935
-1.6487677
-1.8538939
-1.8797897
-2.0146296
-1.9817286
-2.2759798
-1.9591321
-1.7655602
-1.8098736
-2.3738621
-2.2201908
-2.9524517
-3.1016686
-3.0698845
-2.6828261
-3.1438804
-2.8211427
-3.0538509
-2.9059957
-3.5775038
-2.317924
-2.3819214
-2.3988696
-0.22498998
0.066699132
-1.5724075
-1.7240692
-0.57414041
-0.40030091
-1.9743551
-1.8723274
-1.738271
-1.7632391
-2.0294272
-2.7099714
-2.909205
-2.8358234
-2.4025163
-3.0071738
-2.504752
-2.2306716
-1.734636
-2.0998089
-2.3368252
-1.6238316
-1.376986
0
-3.1633688
-2.1148617
-2.2342765
-2.8167995
-2.738043
-2.2088483
-3.758042
-3.0560508
-3.4409758
-3.1617023
-3.0619365
-1.2157974
-1.0528531
-1.5342091
-2.2854541
-2.1634698
-2.0617387
-2.0778341
-2.575903
-1.7087503
-1.7987659
-1.8064963
-2.0995487
-2.0739096
-2.118005
-2.7776703
-2.5583328
-2.3552553
-1.6837449
-2.9131223
-2.0752911
-2.4692784
-3.1223228
-3.1242512
-3.060463
-3.1960147
-2.5304816
-2.6448954
-2.8533808
-1.9887128
-2.3964466
-2.641108
-2.6224935
-2.1872046
-2.1572949
-2.1572949
-2.5063356
-2.3917708
-2.6064002
-2.3136592
-2.1790114
-3.2285057
-3.1301661
-2.0633195
-2.159396
-1.2493129
-0.19941613
-1.3784019
0.37908472
0.052533466
-1.0464419
-0.50972221
-0.66960192
-1.6366244
-2.3527822
-2.6368149
-2.6020417
-2.1848473
-1.9211071
-2.4302314
-2.4349742
-3.399775
-1.9519631
-2.1454243
-2.4449843
-2.7498571
-3.5966677
-2.136776
-1.7474175
-1.595477
-1.4722823
-1.6666414
-1.8956376
-1.5840514
-1.7345277
-3.3713682
-1.4858691
-3.3543973
-4.1178078
-3.1295689
-2.7258931
-2.4689596
-2.6430163
-5.5996019
-2.3659183
-2.5970303
-2.3391377
-1.763768
-0.84465139
-0.9157034
-2.0007981
-2.1144701
-2.1528116
-2.2461075
-1.9163218
-1.8708272
-2.190638
-2.1832036
-2.6205783
-2.5422671
-2.5548672
-3.0257015
-3.001555
-2.8238669
-2.6389198
-3.0747718
-2.505039
-2.481995
-0.52362883
-1.2668667
-1.0141189
0.13744514
-1.5027137
-1.8833844
-1.8699068
-0.84663691
-1.454671
-1.7801998
-1.7625257
-1.8004912
-1.7474913
-1.8122086
-2.8531192
-2.7356149
-2.6494097
-2.8745364
-2.1843425
-1.9193611
-2.2419984
-1.959918
-1.741286
-0.98094031
-1.2987767
-1.4373169
-1.6723262
-2.1162027
-1.8380975
-2.4742141
-2.33986
-3.6115488
-3.6034085
-3.2770891
-1.4765204
-1.3755193
-1.5430804
-2.1648217
-2.2107459
-2.0194957
-2.1277648
-2.0856246
-2.1933068
-2.4149928
-2.4293332
-1.7418864
-1.7563069
-1.7413495
-1.7561632
-1.7701477
-1.86782
-1.9662184
-2.0468078
-2.2145603
-2.6515789
-2.4557857
-2.4639954
-1.9297841
-1.940324
-1.6992934
-1.6850775
-2.9086783
-3.0462053
-2.9264408
-3.0929547
-2.769653
-3.1755935
-3.0743401
-3.0605479
-2.7461642
-2.6092369
-2.8820664
-3.1650128
-3.1215269
-3.0564191
-2.8190783
-2.4374239
-2.5713411
-2.821436
-2.4900003
-2.6999769
-2.3748293
-2.7533991
-2.941021
-2.854274
-3.1917964
-3.3643343
-3.428175
-3.0979882
-2.799007
-2.0543998
-2.0958458
-2.2892319
-2.111972
-2.7564647
-2.4994436
-2.8490503
-2.3001828
0.027787968
-0.43890061
-0.049871932
0.25186557
0.33014825
-0.30496028
-0.45552012
-0.58753594
-0.88203988
-1.7721498
-1.6041949
-1.5112726
0.24313651
-0.78202637
0.11489765
-0.40660369
-2.3642914
-2.4308886
-2.2187691
-1.8416493
-1.9111433
-1.9852728
-1.5360213
-1.8904459
-2.1238019
-2.1956519
-1.9534478
-2.2221969
-2.1940867
-2.3723358
-2.4753916
-2.1735838
-2.2408274
-2.8221268
-3.1905873
-3.3363749
-3.4963197
-3.0293755
-2.5344127
-2.2617305
-2.7443527
-2.4570527
-1.9639855
-1.7368968
-2.0742183
-1.8755143
-1.9549883
-1.8153981
-1.814538
-1.6474274
-1.6042096
-1.5289299
0
-1.6125479
-2.4780928
-2.1961989
-3.3162867
-2.2942792
-1.1494087
-1.4265733
-1.3367434
-1.3794468
-1.5717098
-2.6255365
-2.1647811
-3.689695
-4.0807594
-4.0047294
-3.876522
-3.5494493
-2.5366174
-2.6405233
-2.560043
-3.0251233
-2.9934039
-2.8483658
-3.3328972
-3.0667128
-2.7347912
-2.5277934
-2.7997911
-3.1955137
-3.0252102
-2.9093234
-2.4136185
-2.231321
-2.1391257
-2.3994229
-1.4200499
-1.1463826
-1.1193114
-1.277311
-0.89520122
-1.3304728
-5.2346988
-1.5328346
-1.8131376
-1.9478145
-1.9617986
-2.0313646
-2.2658524
-2.202151
-1.8222278
-1.8197025
-1.8470861
-2.5402464
-2.4983817
-2.3068247
-2.2909727
-1.9728267
-3.0147951
-3.1519792
-2.9297942
-2.540823
-2.5100922
-2.4950592
-3.2668878
-2.891929
-3.1081498
-3.0388669
-3.1019878
-2.939004
-3.3346206
-3.2733742
-3.4667342
-2.1384874
-2.1684435
-2.2911637
-2.5563889
-0.43844155
-1.3349199
-0.62672275
-0.95253129
-0.82738201
-0.041252587
0.20617472
-2.0929861
-2.1727181
-2.0618489
-1.9168839
-1.7751166
-1.8198117
-1.9123533
-2.0286204
-2.3721104
-2.7214477
-2.7191579
-2.6663959
-2.5634459
-2.93797
-3.1349046
-2.5879812
-2.3713186
-2.8572516
-2.7262177
-2.0460875
-1.8191681
-1.8551317
-1.7623458
-1.7495566
-2.385849
-2.1586682
-1.3627822
-1.0822149
-1.3816624
-0.11027923
-1.0706803
-2.0176934
-1.6484416
-2.5392587
-2.3254724
-2.6182046
-2.4946605
-2.778359
-3.0204415
-3.7350547
-3.510257
-3.6742537
-3.4177251
-2.9894532
-1.1688872
-1.2111016
-1.3423377
-1.6016463
-2.3590467
-2.2194202
-2.236353
-2.0667604
-2.0090127
-2.0119805
-2.1024089
-2.0587929
-2.2775212
-2.4797122
-2.6105788
-2.6552165
-1.7320639
-1.7540554
-1.7779198
-1.8006022
-1.8111697
-1.8493679
-1.9276586
-1.8867427
-2.0520117
-2.229666
-1.2101596
-2.8968224
-2.6553255
-2.5921173
-2.4887076
-1.9363258
-2.1429194
-2.2384049
-2.0897368
-1.7374576
-2.4844214
-2.7544883
-2.6607276
-2.835652
-2.9129237
-3.188035
-3.0776516
-3.1000678
-2.9163052
-2.7694341
-2.9865757
-3.1837741
-2.8274142
-2.4385952
-3.1774243
-3.1405995
-2.9447326
-2.7038011
-2.7366811
-2.4457381
-2.2942677
-2.0401588
-2.2466819
-2.1449175
-2.1220848
-2.4380197
-2.5642032
-2.2218191
-2.1499994
-2.2975001
-1.6435236
-1.1691355
-2.1658807
-2.6670339
-2.9774277
-3.5117081
-3.1901024
-2.9835317
-2.9235034
-2.6969738
-1.956983
-1.9034748
-1.7746892
-2.2562457
-1.8308473
-1.5040115
-1.4448687
-1.5586281
-1.1451162
-1.6176657
-1.274527
-1.1659465
-2.0179978
-0.64637976
0.0079472039
0.34423899
0.44233539
0.31219063
0.045046155
-0.61978918
-1.1418078
-1.7405758
-1.4026292
-1.0895367
-0.83860789
-0.69572006
-1.008824
-0.95715958
-0.82924826
-0.93548475
-0.98126155
-1.2094055
-1.1318806
-2.9145576
-2.9260471
-2.6921712
-2.3798341
-2.2659109
-1.9978076
-2.3242343
-2.0709056
-2.1522056
-1.7528684
-1.6669165
-1.9369132
-2.4483953
-2.4277118
-2.1470175
-2.3274631
-2.7811915
-2.8838639
-3.1784643
-3.467019
-1.6969286
-1.9131405
-1.7954513
-1.5954499
-2.2120897
-2.4188266
-3.2380311
-3.0171731
-3.3024209
-3.6129563
-3.6642225
-3.7004865
-2.1376217
-2.0623422
-2.3495944
-1.8775693
-1.8137053
-1.7271099
-2.2553203
-1.4907479
-1.6696108
-1.7248999
-1.8413459
-1.6097438
-1.5364768
-1.5750647
-1.4388108
-1.3697071
-2.0000402
-1.9827491
-2.3309915
-2.7147292
-2.4550564
-2.6763279
-2.7459008
-2.1587005
-2.4544026
-2.6344384
-2.7411348
-3.3554386
-3.5412002
-3.9328755
-3.6264801
-3.8427537
-3.1213883
-2.602694
-2.9770387
-2.8612921
-2.7803769
-2.7094248
-2.7409536
-2.6752885
-2.7062824
-2.637145
-2.5248497
-2.5429983
-2.3824849
-2.1267523
-2.2513683
-1.8819457
-2.1384821
-3.1980417
-2.5758767
-1.900609
-1.5929564
-5.2141113
-2.0146682
-1.9862142
-1.1550277
-0.79443489
-0.82271059
-0.8809736
-0.7827992
-0.85342631
-1.8763395
-1.2221912
-0.94912918
-1.66749
-2.1335195
-2.3005242
-2.1688856
-1.9302072
-2.0420158
-2.5490791
-2.494398
-2.9068348
-2.9320969
-2.7151923
-2.6911621
-2.6280577
-2.0599427
-1.5446606
-0.73449092
-2.7931906
-2.7427168
-2.9123722
-2.0681292
-1.9298006
-1.1449156
-1.4005858
-3.4992826
-3.3808965
-3.3900587
-1.4615464
-2.1825587
-2.0409519
-2.1842807
-2.182788
-2.2493692
-2.2937314
-2.4249631
-1.7356551
-1.9663051
-2.0530365
-2.0619159
-2.1431315
-2.6482269
-2.4269395
-1.7558939
-1.7416546
-1.7134433
-3.0714889
-2.967322
-2.9298823
-2.5787122
-3.0740494
-3.1123328
-2.763381
-2.8387278
-2.5304068
-2.9578476
-3.0490735
-3.1991834
-3.1780802
-3.337451
-2.9988631
-2.0760134
-2.901786
-2.878465
-0.17173455
0.24573699
-0.37056913
-0.74407352
-1.6399604
0.1757735
-2.2295384
-1.7472421
-1.7550446
-2.0712895
-1.5495911
-2.2822039
-2.4637959
-2.6446165
-3.1105623
-2.3387602
-2.255151
-2.1890534
-2.4924796
-2.1389493
-1.8633899
-1.6106904
-2.5812365
-2.4556446
-2.5469415
-2.5947436
-0.96289684
-1.1092952
-1.1935715
-1.2978562
-2.4744235
-2.1071705
-1.0838134
-1.8793401
-1.6442381
-3.3739687
-3.9328247
-3.7081134
-3.7649696
-2.4801607
-2.5546087
-2.9028815
-2.9184443
-3.1192573
-3.0921209
-2.9858507
-2.9330692
-2.723028
-2.7420321
-2.5750803
-2.7039893
-1.3823742
-1.4165784
-1.2874284
-1.3253241
-1.6179513
-1.5703548
-1.9383751
-2.1998263
-2.1158429
-1.8735481
-1.8654423
-1.8406834
-2.0728217
-1.7112302
-2.0463488
-1.8706685
-3.0539416
-2.8693543
-2.362265
-2.6728596
-2.4415489
-2.7627072
-2.98611
-3.1462614
-2.9995862
-3.0619012
-2.9446814
-3.1951922
-3.247888
-3.2256273
-3.3469786
-2.2347646
-2.1273354
-2.3316731
-2.6428096
-2.7696423
0.091216066
-0.46033617
-0.70552615
-1.3104077
-1.2970279
-0.8757318
-1.8152
-1.8104789
-1.8752546
-1.9207699
-2.5359014
-2.618749
-2.7051494
-2.666139
-2.6036897
-2.5486392
-2.5533327
-3.0194763
-2.825454
-2.8045558
-2.6704386
-1.9174663
-1.8854364
-1.8802329
-2.5282051
-2.4434755
-2.5495887
-1.4873682
-1.5777407
-1.8229059
-1.3324221
-1.8423786
-1.2694972
-2.1733803
-1.3112909
-1.1810278
-2.8886659
-2.358587
-2.6088151
-1.6494566
-2.6367106
-2.8685739
-3.7073742
-3.70864
-3.3828464
-3.1540457
-1.1266084
-1.0729016
-1.0729016
-1.4155524
-1.4476379
-1.3969478
-1.4233677
-1.2814866
-2.3031343
-2.0778378
-2.2837412
-2.1157897
-1.9770176
-1.9807672
-2.037155
-2.0135627
-2.0431112
-2.1512708
-2.4663878
-2.8382385
-2.5015883
-2.6053403
-1.781008
-1.8089838
-1.8481078
-1.8923958
-1.8930105
-2.0568915
-2.1575753
-2.3193172
-2.1983804
-2.2408782
-2.7705185
-2.395045
-2.1895117
-2.3032866
-2.6455764
-2.3493171
-1.6832591
-1.7368993
-1.6854226
-1.7006511
-1.7747508
-1.6904794
-1.7195258
-2.734241
-2.630718
-2.8057105
-2.9124763
-2.8007424
-3.0018273
-2.8665876
-2.1306223
-2.1998145
-3.030315
-2.9929961
-3.1445295
-3.1611722
-3.1899072
-3.1282224
-3.1659873
-3.0228922
-3.1139871
-3.148516
-3.0810077
-2.9452612
-3.098822
-3.0777876
-2.6909304
-2.3741094
-3.1893536
-3.1613395
-3.0217348
-3.1367936
-3.0054064
-2.8124057
-2.7683821
-2.4419535
-2.403939
-2.2795429
-2.2605317
-2.112455
-2.8242928
-2.5173375
-2.3315687
-2.5502165
-2.4617949
-2.4019909
-2.6184359
-2.1651846
-2.4986731
-3.0010246
-2.7870604
-2.9204512
-2.9296394
-3.3792942
-3.5012749
-3.5735652
-3.6011938
-3.5203211
-3.4189357
-3.1994635
-3.0716137
-2.7472461
-2.4760333
-2.1236487
-2.1123807
-2.0570101
-2.277604
-1.999628
-1.9519136
-2.3644792
-2.2116903
-1.6858348
-1.8920348
-2.3139074
-2.001656
-0.71133178
-0.049243108
0.39693031
-0.37560515
-0.15758451
0.45750517
0.17197872
0.31676877
0.083685896
0.25537427
-0.91629081
0.41903384
0.35210639
-0.35675967
0.33904474
-0.31897904
-1.7779446
-1.7237502
-1.3723778
-1.1273096
-1.1092999
-0.54790218
-0.50873155
-0.2586365
-0.76241009
-2.7557205
-2.633975
-2.353287
-1.8772255
-2.06802
-1.9347259
-1.876725
-1.9241869
-2.0232637
-1.81368
-1.8888132
-2.0929039
-1.8367066
-1.7638342
-2.2257135
-1.9965582
-0.15699253
-1.5607817
-2.4418748
-2.4912356
-2.0333918
-2.280758
-2.351323
-2.4466099
-2.584747
-2.5856719
-2.5856719
-2.6039459
-2.9076942
-2.7277149
-1.7690356
-1.9494984
-1.7227662
-2.458532
-2.0194201
-2.437114
-2.1972825
-1.7333787
-2.4715817
-2.8501762
-2.8123811
-2.9518747
-3.443047
-3.2923875
-3.5766128
-3.5022359
-3.61584
-3.6392867
-3.4833017
-3.5684049
-3.4896681
-3.5676679
-3.3707934
-2.0049396
-2.3294811
-2.3553882
-2.6496278
-1.9092679
-1.872658
-1.9668361
-1.9353443
-1.7646815
-1.7247894
-1.5984017
-1.7617076
-1.4224199
-1.485584
-1.5018408
-1.5990727
-1.948167
-3.0749954
-1.9537547
-2.1301333
-1.924503
-1.9017939
-2.017989
-1.5691692
-1.8785568
-2.1805044
-1.8411933
-2.2657795
-2.3410752
-2.0220324
-1.7136443
-2.1856601
-2.9140224
-2.985899
-3.0533905
-3.5843502
-2.543077
-2.830984
-4.0814357
-4.0745879
-3.8939043
-4.0178147
-3.5705621
-3.9739701
-3.6506595
-3.6670388
-3.1951127
-2.7569472
-2.6824725
-2.7369521
-2.7141962
-2.6526475
-2.6954019
-2.5210512
-2.5363995
-2.6653063
-2.6215275
-2.5326074
-2.7993042
-2.1726248
-2.2106392
-2.0247039
-2.3879681
-3.2015205
-3.5005388
-2.5456423
-2.2704429
-2.0694179
-2.270238
-2.0303477
-1.5189172
-2.060432
-5.2600688
-5.296245
-2.20195
-1.6129443
-1.6179046
-1.4954959
-1.0786016
-1.0047437
-0.75278946
-0.88074472
-1.0251459
-1.7080801
-1.8453341
-0.75514215
-1.8568122
-2.005372
-1.8410374
-0.76886018
-2.2615782
-2.1587603
-2.3828306
-3.0913845
-3.0195427
-2.8805663
-2.8256163
-2.9306864
-2.971247
-3.0942231
-2.396973
-2.3928615
-0.92734491
-1.1627636
-1.5364887
-2.0840954
-1.8596342
-1.8749566
-1.7246408
-2.7315015
-2.7490339
-2.5243329
-2.8857339
-1.9688984
-2.1408786
-1.984334
-0.72006664
-1.4135872
-0.33325736
-1.1785362
-0.94438014
-1.5075732
-2.3996306
-3.7603252
-3.5109876
-3.272883
-2.1321529
-2.0637812
-2.0093164
-2.0853118
-2.232199
-2.3360317
-1.7878561
-1.8184735
-2.2327623
-1.83082
-2.9538064
-3.1580511
-2.9718903
-2.999967
-3.1010015
-3.0783048
-2.749171
-2.9141139
-3.1158538
-3.1733417
-3.1413962
-3.1596404
-2.7107407
-2.6006581
-2.5871875
-2.4536212
-2.6710142
-2.6786468
-2.5020371
-2.3893915
-2.5256747
-2.7697866
-2.5006227
-3.1263153
-3.4897827
-3.5629334
-3.4825408
-3.3953283
-3.2459215
-3.0610256
-3.0193015
-2.9067189
-2.1296201
-2.0845982
-2.0815504
-2.0758146
-2.4315706
-2.7194672
-2.6382498
-2.6376531
0.03850636
0.15898402
0.26133791
-0.18818362
-0.53224388
-0.17405829
0.077514767
-1.8576828
-1.8129686
-2.0755998
-2.1224867
-2.1711611
-2.3533457
-2.4251019
-3.0202935
-3.5187249
-3.313054
-3.3434232
-2.4984919
-2.7471156
-2.2730516
-2.1158871
-2.3522088
-2.0978349
-1.9132187
-1.8685389
-1.7478444
-1.6627067
-1.538687
-2.1134859
-2.3670478
-2.3224383
-2.0264566
-1.8202169
-1.3798107
-1.3653228
-2.0160277
-1.3260175
-1.7509125
-1.677118
-2.5271441
-3.0532992
-3.6007285
-3.8398243
-3.9584347
-4.0905095
-4.0865904
-2.6916656
-2.9073514
-2.8496292
-2.7674754
-2.9267578
-3.069681
-3.1708611
-3.4281197
-3.2046516
-2.9374475
-3.1283946
-3.333355
-2.3827889
-1.2638861
-1.0042373
-1.030975
-1.1736288
-1.3445509
-1.1567854
-1.2570159
-1.2028155
-1.6421968
-1.9604586
-1.9671634
-2.2720573
-1.8264594
-1.8298028
-2.0831702
-1.7998948
-1.878386
-2.7461714
-2.1628027
-2.19332
-2.1078423
-2.0507955
-3.1306271
-3.0826791
-2.8454561
-2.785542
-3.1152294
-2.876713
-3.0086416
-3.0474238
-3.0026313
-3.0596966
-2.970761
-2.9373116
-3.130309
-3.082622
-3.224291
-3.4205773
-3.5465153
-3.3925224
-2.0882344
-2.1387709
-2.4012069
-2.5368418
-2.8045645
0.34731214
-1.4231689
-0.15923438
-2.1141937
-1.9340998
-1.8404884
-1.792472
-1.6510891
-1.8934643
-1.963643
-2.5362067
-2.6973096
-2.734584
-2.6799231
-2.6784734
-2.5555765
-2.8729396
-3.0443021
-2.8130923
-1.942286
-1.8981735
-1.8330512
-1.7741268
-2.4902146
-2.5801149
-2.6425899
-1.2281746
-1.8960024
-1.8735016
-2.5251187
-2.5101739
-2.5101739
-3.0761106
-2.0670649
-2.3577643
-2.6032824
-2.5491896
-2.642668
-2.6759724
-2.6498206
-2.8505757
-2.9245373
-3.5925599
-3.6041151
-3.6894333
-3.5890198
-3.6888264
-2.9236815
-1.2556244
-1.4348826
-1.6141057
-2.2334843
-1.9869968
-2.0800488
-1.9904759
-2.0440234
-2.2934771
-2.4751619
-2.5796641
-1.7377532
-1.8135172
-1.7880523
-1.8065187
-1.8384598
-1.8943713
-1.8986435
-2.015401
-2.789761
-2.7224632
-2.8323233
-2.3584653
-2.5856274
-1.7608208
-1.7230716
-2.3891885
-2.5985117
-2.8984799
-2.7569735
-2.6265243
-2.7820546
-3.1295438
-3.0765435
-2.9478955
-3.1473633
-2.8778617
-3.0468475
-3.1846417
-3.1803452
-3.0879517
-2.9377178
-2.7665112
-2.7268752
-3.0731044
-2.6650627
-2.5666824
-2.3759801
-2.1311403
-2.1954136
-2.0700825
-2.0214994
-2.0350498
-2.4073459
-2.4027161
-1.9922675
-2.1457758
-1.8694533
-2.6479271
-2.7175691
-2.5311478
-2.7779415
-3.4261408
-3.2884219
-3.4004987
-3.4046821
-3.4375118
-3.0019493
-3.0053061
-2.7928102
-2.7452381
-2.6400923
-2.8850819
-2.7252845
-2.582972
-1.8310513
-2.0014182
-1.6384339
-1.446406
-1.49564
-2.0703793
-2.3524581
-1.9397221
-1.4125113
-1.3296076
-1.5948741
-1.1342048
-0.94388303
-0.61264687
0.36782051
0.37892619
0.41719881
-0.83681535
0.2092036
-0.25633491
-1.2048153
-0.37639507
-1.7630074
-1.610111
-1.6811567
-1.3867546
-1.4141129
-0.89481004
-1.0056307
-1.2691189
-0.90105424
-1.2656202
-1.2176972
-0.85136897
-1.3777849
-1.965307
-2.6285026
-3.1997171
-3.0852107
-2.6426663
-2.4152946
-2.3463434
-2.2019822
-2.1392554
-1.8039642
-2.1509811
-2.3035877
-2.3973506
-2.232117
-2.4048917
-3.0849823
-3.1474162
-2.5364224
-3.1948628
-3.1303002
-3.3291643
-3.3436218
-2.0893577
-2.2993649
-2.0196449
-2.0737874
-1.7071258
-2.1707383
-2.3373989
-3.1636083
-3.4274725
-2.6480077
-2.5813978
-2.9053063
-3.1475016
-3.1941111
-3.0269694
-3.4580442
-3.7190854
-3.6436524
-3.6564981
-2.0621748
-1.8983203
-2.5619087
-2.300577
-2.0568767
-1.9151148
-1.7848354
-1.6880791
-1.649654
-1.7280059
-1.8353447
-1.5528916
-1.7033571
-1.6359466
-1.2546536
-1.2699226
-1.3701414
-2.4582504
-2.44641
-1.6906417
-2.3064236
-1.7594426
-2.7877858
-3.1068422
-3.3749244
-3.2980852
-3.2380414
-2.4619191
-2.6809058
-3.3453877
-2.2058073
-2.9504829
-3.2283294
-3.4232383
-2.157598
-2.5644699
-4.0255773
-3.8272553
-3.6480591
-3.5198031
-3.2937584
-3.4704132
-3.8917158
-3.5993843
-2.8392492
-1.6537775
-3.0884238
-2.8241598
-2.6792527
-2.760566
-2.7117764
-2.5926137
-2.4131265
-1.6645723
-1.9414552
-1.8380852
-2.0119103
-3.3330368
-3.3582948
-2.9539345
-2.8418899
-2.9067341
-2.5993712
-2.3160701
-2.1597186
-1.7951281
-1.6914168
-1.9528856
-1.8063757
-1.4234535
-1.3286291
-1.265321
-1.2003539
-0.8677577
-0.76533085
-0.74186458
-0.76522819
-0.81317421
-1.533007
-2.0056075
-1.730708
-1.8847391
-2.1241024
-5.2380425
-2.2875538
-2.2118421
-2.7349995
-2.8650515
-1.7504174
-1.789123
-2.8768692
-2.9052695
-3.1309409
-3.0730117
-2.9799146
-1.6429147
-2.2582015
-2.8640264
-2.6975958
-2.6279582
-3.2772232
-5.2537399
-1.4878436
-5.3297631
-1.9180403
-1.976762
-1.8810947
-3.2077282
-3.0541879
-2.8708851
-3.0687889
-2.7670907
-2.0544891
-3.2552319
-2.3469908
-2.3404049
-1.9791785
-2.0696903
-2.4017339
-2.4987539
-2.2910228
-2.2903178
-2.0926874
-2.8562461
-3.0318755
-2.9680302
-2.9515664
-3.1970899
-3.0783922
-3.1954316
-2.9191919
-2.9078108
-2.6372697
-2.282868
-2.4964027
-3.3339866
-2.1821495
-1.9550909
-0.47972573
-2.671741
-1.8797425
-2.3748879
-2.4497566
-1.7976314
-1.8120746
-2.8136665
-2.358914
-2.5046204
-1.5592619
-1.8416151
-1.6419329
-1.2082617
-3.1950163
-4.1505372
-4.127661
-4.1315344
-2.7330378
-2.8550902
-3.6407247
-3.5378068
-2.2763876
-2.3109545
-2.3406828
-2.2144934
-2.2010225
-2.3573374
-2.5376361
-2.956218
-2.8683249
-2.4316665
-2.5819178
-2.5480237
-2.4757455
-2.6549629
-2.7965328
-1.8360945
-1.4050288
-1.5676897
-3.721286
-3.4755914
-3.3992622
-1.3443408
-2.1447856
-1.9336363
-2.984301
-2.5647598
-3.0287407
-2.717648
-2.647467
-2.321683
-2.6768946
-2.8725724
-2.8215185
-2.7541865
-3.4689724
-3.1153572
-2.6005448
-2.9844151
-2.087508
-2.6500933
-2.4283161
-0.25279442
0.054878025
-1.6157814
-2.1356399
-2.3092627
-2.2462864
-1.1535571
-2.873243
-4.0932995
-3.9964385
-3.4194728
-2.8749024
-2.9527546
-3.0420369
-2.6297096
-1.0442728
-1.9582581
-1.5085906
-1.9673643
-2.0874826
-2.1976914
-1.8074642
-1.8824797
-1.8929441
-1.9000596
-3.252687
-2.9842935
-3.0621388
-3.0508463
-2.946377
-2.979101
-3.0461112
-3.071799
-3.3866813
-3.4957281
-3.2950475
0.1222722
0.22183841
-0.93531368
-2.6841096
-2.7920054
-2.5515746
-2.7594961
-2.0309135
-2.0309135
-1.9762688
-3.1385998
-3.7103362
-3.5956012
-3.3628243
-3.2845193
-3.0191541
-3.3251909
-2.3368133
-2.2681113
-2.0882814
-2.1029397
-2.0160619
-2.0531134
-2.0841795
-2.420377
-2.5224137
-1.7315356
-1.7563115
-2.3758333
-1.771614
-1.7197029
-3.2020914
-3.1348056
-3.0812299
-3.1961783
-3.1915778
-3.192982
-3.0510135
-3.0295718
-2.7407988
-2.8397847
-2.490326
-2.1315558
-2.0305649
-2.1612174
-3.2798953
-3.4881006
-3.0796736
-1.6162117
-2.1546563
-1.7752608
-1.799343
-0.89556305
-1.0147911
0.43219941
-1.5749408
-2.0795386
-2.2725053
-2.2412405
-2.2026362
-2.2894935
-2.0815929
-2.3973506
-1.8578135
-2.1463534
-2.2517189
-3.0274537
-3.4695226
-3.4856502
-1.6932206
-2.2222078
-1.3239889
-1.6013696
-2.2759654
-2.4225171
-1.5922075
-1.9773113
-2.1164469
-2.9802461
-2.8561032
-3.0884072
-2.621078
-2.4344612
-2.2674807
-3.3065171
-1.6908836
-2.2196294
-3.2479983
-3.0889008
-3.7459452
-3.9436536
-3.7859598
-3.8572779
-3.8013712
-3.7819186
-4.0241071
-1.658172
-1.6470887
-1.8391398
-1.568551
-3.7373357
-3.7131025
-3.4829388
-2.8802796
-2.9422674
-2.0474016
-0.90719145
-1.1003946
-5.1900084
-1.4464349
-5.2188707
-1.7590205
-2.4365946
-2.3290081
-2.4257568
-1.5856823
-1.9687448
-2.9044732
-2.9044732
-2.0695863
-0.56827211
-1.7370669
-2.2639816
-2.2056186
-3.407907
-3.1890115
-2.2123616
-1.6042096
-3.6665827
-3.7214807
-2.9856283
-2.806391
-2.6032746
-2.968135
-3.0487362
-3.0913111
-3.0999474
-2.8128825
-0.02796934
-1.9674705
-2.225942
-2.0835432
0.19151497
0.11463177
-3.0362665
-2.0837293
-1.9760267
-2.2587034
-2.715659
-3.2063476
-3.0421975
-2.7014822
-2.9383092
-2.3922411
-3.4677565
-3.0957899
-1.8746181
-2.3599925
-1.8868473
-0.68089709
-0.90728605
-1.9007242
-1.8645351
-2.2497154
-3.4900572
-1.6614577
-2.2574174
-1.2127853
-2.5698891
-2.8281872
-2.7694626
-2.5118633
-5.3758158
-2.1621141
-1.8847462
-1.9100294
-2.1537311
-2.1695801
-2.2578303
-2.8184303
-2.6756472
-1.7597598
-2.13972
-2.2228123
-2.5081525
-1.8023945
-2.007833
-3.1840911
-3.1894988
-3.5494786
-3.2185185
-3.0482356
-2.0878302
-1.8004997
-1.6459498
-3.5665447
-1.940306
-1.8247526
-3.8835037
-4.0744629
-3.7960072
-4.0340624
-2.6904761
-2.6029799
-2.8577956
-5.5734387
-2.2493336
-2.3169315
-2.4222752
-1.1702526
-1.1858773
-1.020956
-1.8073979
-3.0215791
-3.1160999
-3.5351191
-2.0653958
-2.3945862
-2.9080058
-1.1180148
-1.8195507
-2.1526511
-2.3580864
-2.5073084
-1.4620148
-2.5002571
-2.7860474
-3.7262635
-3.5909878
-3.4849436
-2.1161963
-1.9870042
-2.027367
-2.107894
-1.8120907
-2.3630661
-2.1166932
-2.6964198
-3.1750563
-3.1483024
-2.7120098
-3.1041393
-2.2318535
-2.5407829
-2.4442351
-2.6243313
-3.3189218
-3.3035657
-3.5411667
-3.0850239
-2.9424563
-2.8080549
-2.8364463
-1.8363356
-2.0341956
-1.4051936
-0.38786042
0.31009117
-1.7620149
-1.7691043
-2.4300241
-2.2165793
-2.5440697
-2.3274142
-2.7102596
-2.1901236
-3.736623
-1.7460974
-1.7296279
-1.6751156
-1.2886405
-2.9453252
-2.8430399
-3.4606973
-3.4615098
-3.3232964
-2.8695566
-2.7232686
-2.7500151
-2.7130095
-1.8019817
-1.9570827
-1.2860512
-2.6055438
-5.4585995
-2.2492115
-0.88756982
-2.3820015
0.12346136
0.12346136
-2.3589147
-3.2221606
-2.8609009
-1.6068612
-1.1646315
-4.0890102
-4.0545894
-3.1145062
-2.7541752
-3.0098621
-3.1726895
-3.1184201
0.2627243
0.26985448
-2.5139652
-2.5865892
-2.6669316
-3.6199627
-1.7662598
-2.8938289
-1.7392176
-1.0107254
-2.2705488
-2.380236
-1.6753322
-3.176134
-3.5204069
-1.4637596
-2.8590511
-2.8684223
-1.93617
-2.0626849
-1.9830718
-2.0314831
-3.0810814
-3.1003379
-3.1033589
-1.6516216
-1.7203422
-1.725297
-3.0671917
-3.0710946
-3.1548735
-3.2049618
-2.6631302
-2.6141834
-2.7270361
-2.441171
-2.352186
-2.1753309
-1.2654828
-1.2654828
-0.85810919
0.14977565
-2.751495
-2.8398722
-2.1664104
-3.0463857
-2.1134571
-3.1664578
-3.8072104
-3.8472117
-2.1735652
-2.2657671
-1.8039402
-2.3619799
-3.4688882
-1.9351287
-1.9351287
-2.565989
-3.1019162
-3.5070304
-3.0846982
-3.0349733
-1.6597217
-3.368351
-1.7805194
-3.9403827
-2.1329614
-2.5168331
-2.9617455
-2.528299
-3.1217984
-2.8112838
-3.4982227
-3.4966721
-1.4791099
-1.366006
-3.8080861
-2.1152827
-2.2642307
-2.1149378
-2.7758035
-2.7259519
-1.7685099
0.14475638
-2.1367354
-2.2550605
-3.9543847
-2.8708318
-3.0985909
-3.2659527
-2.7214181
0.32380356
-1.9425978
-2.275684
-2.4954806
-2.543377
-2.2859925
-2.1716589
-2.1658205
-2.2528135
-3.1591343
-2.6846832
-3.3836048
-1.4042838
-1.8718788
-3.283432
-3.6774133
-2.3355751
-3.5323712
-4.0733252
-2.8700013
-2.622986
-2.0672235
-6.38
-6.3960036
-6.1493148
-6.3088954
-6.1239106
-6.2877982
-6.3234437
-6.3327075
-6.5311979
-6.5513234
-6.4731484
-6.4770049
-6.5737231
-6.5520195
-6.6010946
-6.3942664
-6.1244046
-6.519207
-6.1638869
-6.6722961
-6.5709494
-6.5905185
-5.9018167
-6.3211056
-5.5887381
-5.1098662
0
0
-6.6440002
-6.0563545
-6.119415
-6.4510376
0
0
-6.7818859
-6.7207093
-5.9016379
-5.9705642
-6.0678419
0
-5.9694066
-6.4971159
-6.5369198
-6.5999521
-6.7708748
-5.6972306
0
-6.5770177
-6.5692019
-6.7146183
-6.6634525
-6.764268
-6.2109037
-6.6151485
-6.7182272
-6.749666
-6.8474466
-6.8709564
-6.8331488
-6.4285074
-6.5931746
0
-6.4949734
-5.0516914
0
-5.1700567
0
0
0
-6.8481602
-5.9711314
-6.4415304
-5.3332884
0
0
0
-5.449007
0
-5.5757433
-5.3941531
-5.7204743
-5.8827664
0
-6.037188
-5.8779605
-5.110874
-6.8399976
-6.56097
0
-6.7578261
-6.5825152
-5.9938629
-6.6144092
-6.7194245
-6.7238625
-6.8527119
-6.8045674
-6.9102905
-6.9657405
-6.8239348
-6.8831212
-6.8312913
-6.9229002
-6.9705139
-6.2555612
-6.4695803
-6.9022338
-6.9247858
-6.9774064
-6.6953692
-6.965
-5.428485
0
0
-5.2290756
-5.326832
0
-5.3412094
-6.9951365
-5.1991643
0
-5.1991643
-5.1991643
-5.4403902
-5.4615464
-5.9407755
0
-6.7246511
-6.8391597
-6.9750018
0
-5.7716414
-6.181773
-6.6437867
-6.7277688
-6.3664545
-6.5174348
-6.9310899
0.29787607
0
-6.9237838
-7.0320891
-7.0228005
-6.9553238
-6.9785401
-6.9535805
-6.9250937
-7.0353513
-6.9860545
-7.0253274
-6.9743264
-5.828221
-6.3945494
-5.2406102
-5.3258549
-5.6382122
0
-6.6787045
-6.7272614
-6.7638015
-7.0046971
-5.5398691
-6.3079172
0
-5.6608021
0
-6.5846145
-5.1981214
-5.1817502
-5.2383957
-7.0623129
-7.0848682
0.29787607
0
0
0
0
-6.974526
-6.9934007
-7.0873747
-7.0706451
0
0
-6.9604428
0.29787607
0.29787607
-6.9787121
-7.0208788
-7.0217736
-7.0483932
-6.9916813
0
-6.5431225
-5.5102675
-5.3885897
-6.5887085
-7.2037015
-6.6201376
-7.1602795
-5.1841366
-5.2361198
-7.0686371
0
-7.1609943
-5.1607431
0
-7.1267973
-7.1365379
-7.1268671
-7.2188296
-6.5876729
-7.0710037
-7.1840931
-7.1093635
-7.0643282
-7.0894392
-5.1729874
-5.1587056
-7.1202142
-5.2299856
0
-5.3830186
-5.312529
-5.2007601
-5.4001754
-7.2425712
-7.2373874
-5.222583
0
-5.1652181
-7.2237744
-7.2228596
-7.2157189
-5.163019
-7.1752657
-7.1576279
0
0
0
0
-7.2179646
-5.2030754
-7.1973122
-7.1723875
-5.1810906
0
-5.2354104
-5.222104
0
0
-5.1972374
-5.1894025
-5.181152
0
0
0
0.29787607
0
0
0
0
0
0
0
0
0
0
0
0
0
0
0
0
0
0
0
0
0
0
0
0
0
0
0
0
0
0
0
0
0
0
0
0
0
0
0
0
0
0
0
0
0
0
0
0
0
0
0
0
0
0
0
0
0
